4.540000000000001257e-01
4.540000000000001257e-01
4.540000000000001257e-01
4.540000000000001257e-01
4.540000000000001257e-01
4.540000000000001257e-01
4.540000000000001257e-01
4.540000000000001257e-01
4.540000000000001257e-01
4.540000000000001257e-01
4.540000000000001257e-01
4.540000000000001257e-01
4.540000000000001257e-01
4.540000000000001257e-01
4.540000000000001257e-01
4.540000000000001257e-01
4.540000000000001257e-01
4.540000000000001257e-01
4.540000000000001257e-01
4.540000000000001257e-01
4.540000000000001257e-01
4.540000000000001257e-01
4.540000000000001257e-01
4.540000000000001257e-01
4.540000000000001257e-01
4.540000000000001257e-01
4.540000000000001257e-01
4.540000000000001257e-01
4.540000000000001257e-01
4.540000000000001257e-01
4.540000000000001257e-01
4.540000000000001257e-01
4.540000000000001257e-01
4.540000000000001257e-01
4.540000000000001257e-01
4.540000000000001257e-01
4.540000000000001257e-01
4.540000000000001257e-01
4.540000000000001257e-01
4.540000000000001257e-01
4.540000000000001257e-01
4.540000000000001257e-01
4.540000000000001257e-01
4.540000000000001257e-01
4.540000000000001257e-01
4.540000000000001257e-01
4.540000000000001257e-01
4.540000000000001257e-01
4.540000000000001257e-01
4.540000000000001257e-01
4.540000000000001257e-01
4.540000000000001257e-01
4.540000000000001257e-01
4.540000000000001257e-01
4.540000000000001257e-01
4.540000000000001257e-01
4.540000000000001257e-01
4.540000000000001257e-01
4.540000000000001257e-01
4.540000000000001257e-01
4.540000000000001257e-01
