-1.823939534315464961e+00 -1.661102859693011302e+00 1.651710303232640342e+00 -4.639209837784898927e-01 -7.028078492562154223e-01
-5.137198110019856045e+00 -3.852462577866622717e-01 -2.385245890684152492e+00 1.086937436031817805e+00 7.839128912557770112e-01
-5.670405277828734825e+00 -1.032076848528659246e-01 -2.990183573547683604e+00 1.281983823795231237e+00 5.773643407252530002e-01
-5.248965763025473130e+00 -2.874312591861700739e-01 -2.468202972075709489e+00 1.285642724666931747e+00 5.900794209070889806e-01
-3.484739330685226122e+00 -7.314245173670880229e-01 4.772999462629377021e-01 1.841525030473504035e-02 3.838105577744684860e-01
-2.960166024403553475e+00 -7.290843270599755011e-01 4.215576939830192327e-01 3.044160495245707421e-01 -1.367450342109927108e+00
2.776874238273987050e+00 7.682726312768195509e-01 2.646425891110637529e-03 9.115683830405146848e-01 -1.811672363733999758e+00
2.907151418646988228e-01 -4.789544184632194002e-01 7.364612505289802602e-01 7.157089501806553899e-01 -2.171794199771738043e+00
-2.438486735897428037e+00 -1.108342164815522057e+00 1.581444785238942385e+00 -2.105233148844537272e+00 -6.843869033542416824e-01
2.675142546406110267e+00 2.727461928968223148e+00 -7.836453932825769852e-01 3.441074076862999931e-01 9.458737458014716826e-02
1.544431321166199966e+00 -6.562200235464681342e-01 3.246426292626388488e+00 -2.527558126092785962e+00 2.659517492802280447e+00
-3.158795750731918872e+00 -4.439937819542426056e-01 5.909343445187211774e-01 -1.291618250902194065e+00 8.795410027432200017e-01
-2.393225990417629401e+00 -1.069110188361747316e+00 1.587962791859213629e+00 -2.222629408419118047e+00 -5.889873277836347176e-01
-5.242728750574197072e+00 -1.838374631644366930e-01 -2.507749736310484590e+00 1.328474528206142313e+00 4.838300883549497278e-01
3.443210061406237754e-01 -3.859521489476540612e-01 2.467230727155897085e+00 -1.317127609359844076e+00 1.258316804380656295e+00
-5.258918701347251812e+00 1.482223189194632404e-02 -2.788998091076416497e+00 1.436989251203168783e+00 3.995497535706243886e-01
-2.591776437710001435e+00 -7.516566212809061565e-01 1.394131410285743167e+00 -1.972048571504327219e+00 -7.195083587372129719e-01
8.366883601997689990e-01 -4.817564880679201522e+00 6.053742440258469415e+00 9.742112851320504419e+00 -2.309543066584438531e+00
2.110866970545174581e+00 2.030189936324996225e+00 -6.335291379289498259e-01 1.352405605185609039e+00 -8.414627981099637166e-01
-3.513258685832186590e+00 -1.336729668210710598e+00 1.773407919598596338e+00 -1.591199500415430457e+00 7.396761089098837783e-01
-1.948511062105157343e+00 -1.134051604470447172e+00 1.292834257833437306e+00 -9.780765914322812060e-01 -2.579360706068335451e-01
2.472331334603332209e+00 1.694802359033627859e+00 2.827078809195301412e-01 3.400683183715610958e-01 -2.123844866999446968e+00
3.371461820186519187e+00 3.876077690972901113e+00 -4.904308759246069904e-01 -1.715672220395064174e-01 2.483733583389599264e+00
-5.181483840466505342e+00 2.288735070117104142e-01 -2.962722957247043265e+00 1.186614030884092230e+00 8.854024650024258092e-01
2.848022737135299742e+00 1.825248799969674263e+00 1.360937680629485946e-01 -1.010650693698962599e-01 -8.016007493485972635e-01
-1.549648951196807012e+00 -1.681468560170745308e+00 1.765811690986310856e+00 -1.430086641471835174e+00 -5.700763116141341902e-01
-5.134477985546036294e+00 -2.540619771356576462e-01 -2.318923826908755093e+00 1.184150159026257088e+00 5.523969083496818033e-01
-2.351418680584248744e+00 -7.309598529698554392e-01 1.324072705542546524e+00 -1.610385043690382156e+00 -6.831941836670514245e-01
3.820248646976323048e+00 2.181377142557981763e+00 5.950958828707639814e-01 -6.154064130963287083e-01 -4.726307166609017285e-03
-2.807061999462171276e+00 -1.655883998961788395e+00 1.862294528407431482e+00 -1.713056761305385978e+00 -2.201678009865646324e-01
2.307034581170966270e+00 2.468290534115148649e+00 -1.073756318708038782e+00 1.196613843841236813e+00 -1.077019685333479915e+00
-1.400696085457160844e+00 -1.409967148137186266e+00 2.710304430651760743e+00 -1.063875643980359831e+00 1.297177935979998420e-02
2.453198667342903150e+00 3.133866027898045026e+00 -3.857997412325319120e-01 -1.174225892656278192e-01 9.218835833815866021e-01
-2.914503112428703968e+00 -7.171778429815697242e-01 9.681441491959790202e-01 -1.623432063011500226e+00 -8.034141378895635066e-01
5.329172933783564936e+00 -4.668712081802378400e+00 -2.083960720779501674e+00 4.809847322355725874e-02 -3.181607886878752844e-01
-8.737487415166863558e-01 -1.423111645365419120e+00 3.233604485856978794e+00 8.963848840506308813e-01 3.456796420678171611e+00
8.423596697922478782e+00 -1.371101569886994120e+01 -4.543047250882072952e+00 -8.003014245968770313e-01 2.888304023642944696e-01
1.745068773622312941e+00 1.995068698302071564e+00 -4.327932628653207159e-01 4.245503786800989277e-01 -2.277754256835255120e+00
1.108019328547012128e+00 5.373825804130418327e+00 4.677055415263374205e-01 1.811773688804560134e+00 -3.358173074670357305e+00
2.883805849862983717e+00 1.136587128854986029e+00 6.708477463288297082e-01 3.643307859893174516e-01 -1.807160765956572712e+00
5.329172933783564936e+00 -4.668712081802378400e+00 -2.083960720779501674e+00 4.809847322355725874e-02 -3.181607886878752844e-01
-5.689771922969441675e+00 -7.457997821256041882e-02 -2.932724131422498104e+00 1.134648124247072953e+00 2.771976175099284401e-01
5.256296760030246595e+00 -5.592567817211241632e+00 -3.198355864045387076e+00 -1.656565660663328055e-01 2.627027054558649377e-01
-2.925421382895536659e+00 -1.628459785536027438e+00 2.551055760432800135e+00 -8.242512996207025378e-01 6.696052881679454005e-01
3.781257780429005066e+00 9.750473399142893793e-01 7.595567256133168854e-01 -6.553422728040412260e-01 -3.878109911273883714e-01
-2.260633558782579655e+00 -2.140336425376292873e+00 2.347874915144392283e+00 -1.736551848080708504e+00 -4.021298605920659575e-01
-2.688920985815790310e+00 -1.727101758359135042e+00 1.713561093010138370e+00 -1.362099276422452654e+00 -4.823224148079649498e-01
3.068896496879309321e+00 1.084165201760334929e+00 6.151740518867431229e-01 4.337437622299692430e-01 -1.858553670657356660e+00
2.928477453983181267e+00 3.632951508407119334e+00 -7.531893944480922976e-01 -2.021395232365477412e-01 2.206987520104819023e+00
-5.213639799054258006e+00 -6.780142180131673579e-02 -2.248111347984314001e+00 1.060449994058135115e+00 7.419227310045903856e-01
2.827544829769606860e+00 1.227997873211611912e+00 1.014848471204437136e-01 3.915995805867696911e-01 -2.362211809447952504e+00
3.428446215892609228e+00 3.568046516767269694e+00 -3.991040575648334698e-01 6.705784433442194548e-01 1.915693129761007807e+00
-5.688618461409324922e+00 2.718314500697564112e-02 -3.071358465686294892e+00 1.009430462032083531e+00 7.653023029715357861e-01
-3.292746087658124932e+00 -1.227173984197384327e+00 1.684966865358324517e+00 -2.402923075787274154e+00 9.159495731355066228e-01
-2.464147048940703133e+00 -1.183987592519873067e+00 1.537775691603713080e+00 -2.045443680508423512e+00 -5.699816795079104548e-01
3.595454526699639164e+00 9.381742510304350580e-01 7.251424244956005127e-01 -2.303203685450600779e-01 -8.141161130748442165e-01
4.030662006994894853e+00 3.461753774970818043e+00 9.661355889370247529e-03 -7.511354315585907493e-01 4.389577311975839002e+00
2.407961333296418260e+00 2.057348153124868073e+00 -3.304963291030265649e-01 3.403756847182272116e-01 -3.173255088128734136e-01
-3.316858706825980274e+00 -1.082945019562857158e+00 1.889091004435466292e+00 -2.452097880422388076e+00 6.350322888822248490e-01
-2.435305625601344559e+00 -1.106321487035925477e+00 1.559502691460234125e+00 -2.053951363130517294e+00 -5.808151469157885050e-01
2.787195964792388736e+00 3.627108330039693129e+00 -7.783303253863758098e-01 -3.053274582202437637e-01 1.467404473638385998e+00
-5.270982249856182023e+00 -5.357779280821306500e-02 -2.714161123529286179e+00 1.538150072950567271e+00 1.704703281637419965e-01
3.886740908182845455e+00 3.370803303866805489e+00 1.735030719163776491e-01 -1.131506425169818142e+00 3.306513279230009594e+00
3.332510740957379980e+00 1.317252602625906377e+00 3.663913930899221905e-01 3.724376213822032100e-01 -1.532714773070179781e+00
4.436320845752796949e+00 3.634202120699118410e+00 3.581307063509351352e-01 -9.880342100618827450e-01 3.403573095417387506e+00
-2.150724175942342775e+00 -1.118949226422738752e+00 1.935605143409299567e+00 -2.335713267196059206e+00 -2.071248335605674340e-01
3.122137258651096037e+00 3.834274905370241182e+00 -9.076658508716166640e-01 -3.058266315408468827e-01 1.950971186844902894e+00
2.802195311767119890e+00 1.535596966555125897e+00 -8.454885224206529770e-01 1.374683321106907385e+00 -1.283537770654986199e+00
-2.332319139667567320e+00 -9.752596947235496749e-01 1.581425883319920844e+00 -2.211120645513061866e+00 -5.483259467491445882e-01
2.701680138797930120e+00 1.305650484787242993e+00 -1.091069317823765705e-01 7.476285260696845514e-01 -1.681164588842035013e+00
2.366701760278011601e+00 2.423927075460333480e+00 3.121736270504334165e-02 1.438084746535044589e+00 1.343221953251415024e-01
-2.616006409146532263e+00 -1.742941390624044296e+00 1.719854573157291844e+00 -1.670006325117323609e+00 -3.198386635330337513e-01
1.963782762235088075e+00 2.409348293678215125e+00 -1.326966645178098592e+00 1.176028627808680005e+00 -1.266898970179683115e+00
1.898667358890397061e+00 2.308814957630987763e+00 -4.347034585119867178e-01 7.550015631872236677e-01 -4.105623021987915289e-01
-5.310669802959171015e+00 -7.065571282310774415e-02 -2.413865201111178749e+00 1.232799238933690811e+00 6.704427448457536132e-01
-3.452343942144088462e+00 -1.123938675266926257e+00 7.275449058901872768e-01 7.290105153635374480e-01 -7.695020716766845514e-02
2.916240023134462511e+00 9.800691665950819198e-01 7.425232734230046150e-01 9.466189795828738873e-01 -2.381117416075635429e+00
-3.355031222656056578e+00 -9.952658000920131531e-01 1.827980954328209284e+00 -2.612813918988110551e+00 1.145594574633874485e+00
-8.064245941095575798e-01 -2.393756873285728393e+00 4.404356537056288268e+00 -2.400987676909078772e+00 2.033392732248044510e+00
3.287598067206017660e+00 4.133229879458754752e+00 -1.007306813473293206e+00 -1.530229729764777113e-01 1.920923725497998502e+00
3.496845776864072164e+00 1.230919525043322027e+00 8.166091281308780481e-01 3.146979223381937696e-01 -1.583634986612954210e+00
-2.137861311333209002e+00 -2.366281054427535668e+00 3.362411621351981239e+00 -1.058171081231875421e+00 2.771732866183945765e-01
6.379413577263551183e+00 -7.738047373856197453e+00 -3.545972263839341387e+00 6.985792740555669678e-01 8.449936244054925827e-02
-5.281954088751152909e+00 1.751872113521681790e-02 -2.861200159736594362e+00 1.393969527680521736e+00 5.909804275905602422e-01
-3.546275960922008696e+00 -1.355828817822395838e+00 8.463229129019376185e-01 1.253851501307582827e+00 -1.660242577383945206e-01
3.112615344773825399e+00 1.324071561595357771e+00 5.153975363818629196e-01 -4.571441028364533476e-01 -7.907354589688098123e-01
-2.066559900172484365e+00 -2.530438683476810446e+00 3.242525851442084495e+00 -9.064609546558665132e-01 7.192881349591420670e-02
2.942131441310201545e+00 1.072241452023430242e+00 -2.384372678912101140e-01 4.654785337160265990e-01 -1.619400377879573583e+00
-5.696112492006671246e+00 9.752809466105860636e-02 -3.077368798447458698e+00 1.595015848390674895e+00 1.571227247047414233e-01
3.169305158124208877e+00 8.908416177869132868e-01 7.013322837619047068e-01 1.068571394555497545e+00 -2.058212811021837396e+00
2.335346861485425141e+00 3.283368794002836655e+00 -5.098872685668763838e-01 1.744543910070548431e-01 3.335147588526991558e-01
-5.242973193876060201e+00 -2.813392299165941024e-01 -2.423795167248875781e+00 1.179168296575000108e+00 6.671306563473443640e-01
-2.921917300493697134e+00 -6.508205234247839144e-01 2.504706994314517265e-01 -1.822277809114162261e-01 -1.127836708328536552e+00
4.011269415393566184e+00 1.060791148895179559e+00 7.826678460256419889e-01 3.364848675385133658e-01 -1.015068601600548348e+00
2.891309583589961818e+00 1.179858375540988158e+00 8.508192237665233026e-01 -8.790775688724816739e-01 -4.731941616707613374e-02
4.114776697759710444e+00 3.093239053120061754e+00 6.351442355075236357e-01 -1.099993008325161448e+00 3.854264692617627386e+00
-1.930301766344866055e+00 -1.686774021144060720e+00 1.547643052970852029e+00 -2.633327953083685613e-01 -1.122408788231896271e+00
3.188192467059003832e+00 2.914335932740015345e+00 -6.949583397832862497e-01 9.650757304358793531e-01 1.980268143816031612e-02
-5.804459868833504288e+00 2.844044482372554139e-01 -3.101422935941610337e+00 1.419323580621136838e+00 4.684322877086292136e-01
1.974466673385911086e+00 2.120653026355010518e+00 -7.799673452919572147e-01 1.674674036080358253e+00 -1.524661835613233984e+00
3.947809782620275598e+00 1.389319800390468984e+00 1.148452515659035056e+00 2.487809315029090862e-01 1.400898888356658434e+00
-5.312256758234124021e+00 7.314405617020552919e-02 -2.797387426711360536e+00 1.494151498450845938e+00 3.718255027421787928e-01
2.629614366934049929e+00 1.330002729368423786e+00 -3.900071217162524029e-01 -6.768401137973584225e-02 -1.629487884944601062e+00
-2.857243094779852388e+00 -1.012636811006597526e+00 4.806833815196294712e-01 7.002372644526224654e-01 -1.153930293662206230e+00
-5.303006761816613235e+00 1.091259536701719712e-01 -2.867318838507078471e+00 1.409951491781985977e+00 6.607118221960809334e-01
-5.727162486870014391e+00 1.031242923200150069e-01 -3.057673028487303046e+00 1.135694884743317701e+00 5.094993459860772678e-01
-5.304719428241014612e+00 -6.485013249224570731e-02 -2.419894402086191665e+00 1.267521966032427727e+00 6.342044614731083829e-01
3.776136964536550789e+00 2.510212437372805638e+00 4.367141553724812608e-01 -1.083591153674884566e+00 2.904455935162228997e+00
-3.444030380765740862e+00 -9.093323242368402948e-01 4.464414642657905108e-01 3.538405566033325789e-01 2.666542125188086088e-01
6.699896549612350150e+00 -6.464258120099957594e+00 -2.005816468223269311e+00 -1.248130645432700581e+00 1.652985435689844906e-01
2.033904812379286220e+00 3.339089619652082064e+00 1.337401811294033127e+00 5.289952572248906026e-01 -1.709810365923748021e+00
2.593330835580059279e+00 3.868664115154606620e+00 -9.029606125206606215e-01 4.301524803798759677e-01 1.160679015850346385e+00
-2.007444322742415466e+00 -2.350381334748338880e+00 3.178084573624435194e+00 -1.411208694380263307e+00 3.773013737067362761e-01
7.366389811005125132e-02 1.484705337537707948e+00 4.603382911765365737e-01 -1.384903695366559884e+00 1.107725685548534678e+00
3.552702631307339320e+00 4.577152200977925856e-01 4.201930260949656715e-01 7.344343984839895034e-01 -1.932660687058942450e+00
3.714671630810813419e+00 3.275211238817239412e+00 -4.025475146134595283e-02 -9.471615417367142964e-01 2.334529333816214969e+00
-2.463730431402604282e+00 -1.168327834133801035e+00 1.618553900853254790e+00 -2.046315752948434596e+00 -6.491904380093667104e-01
2.474566775809749597e+00 1.059460832991282464e+00 -4.574339857693484612e-01 1.436410217226076425e+00 -2.934133191311230959e+00
-2.496292046906937401e+00 -1.248300320234080552e+00 1.794965377706599474e+00 -2.399492569171976175e+00 -2.901539416405807814e-01
2.240678381449773937e+00 1.743711691074635972e+00 1.746835745806665785e-01 5.825644819410793485e-01 -2.675734938174021416e+00
2.659571142799196153e+00 1.672263539761977835e+00 -1.129916383582530298e-01 7.019337792305745394e-01 -2.282603402121062164e+00
-2.252805636861739735e+00 -1.178433607102820080e+00 1.817909854677957071e+00 -2.337613131094269825e+00 -3.131757043272759278e-01
2.585669367503462990e+00 3.536085706392303241e+00 -1.199443956744146611e+00 1.031392400144815813e+00 4.904681836074883394e-01
-5.266744553050773270e+00 1.400482229955209990e-01 -2.950632433013463451e+00 1.638002455793172496e+00 3.904155006086097446e-01
-5.249409963083796704e+00 7.089072385961048273e-02 -2.942380568868788515e+00 1.375512999845643902e+00 8.049662797647614276e-01
2.885275458024364692e+00 1.144446399483521448e+00 6.303041764825860760e-01 -5.814281836665215197e-02 -1.938006353554776462e+00
2.668713669850116155e+00 1.283050802545281366e+00 -4.568879273084585080e-01 7.539859947708461851e-02 -1.400901994405084006e+00
2.452875260737905627e+00 3.057328441400922969e+00 -5.409839766354092028e-01 3.243792564882961860e-01 7.330150679641993516e-01
-2.403283157724433128e+00 -1.198749544605456352e+00 1.691493959130070834e+00 -1.792454207800087795e+00 -8.882851413979628852e-01
2.594778044007108875e+00 3.866960540952926628e+00 -8.604372045533373869e-01 1.112778298166132940e+00 -4.635079337175131153e-02
-5.263239311655857122e+00 -9.428972372273412839e-02 -2.441370283334491464e+00 1.178345313062685085e+00 7.582445605037286818e-01
-5.285780338316871330e+00 -1.384457051710479836e-01 -2.555000180142843469e+00 1.311292759064528468e+00 4.925330927581479390e-01
-2.522519888119942433e+00 -1.157934357341288134e+00 1.592525315991291324e+00 -2.007201560239448845e+00 -4.139900311734674432e-01
-3.618117507791508647e+00 -9.492248647672827389e-01 3.605968767282555776e-01 -4.798842330632463460e-01 1.254135188241159327e+00
5.329172933783564936e+00 -4.668712081802378400e+00 -2.083960720779501674e+00 4.809847322355725874e-02 -3.181607886878752844e-01
3.079820714391710901e+00 3.530872165879816116e+00 -2.427332246673192528e-01 -1.933598112414009751e-01 1.376550795129507954e+00
-5.286968727453856154e+00 -3.140427093407674453e-02 -2.771733413179673366e+00 1.252359503322562517e+00 9.050779483463696762e-01
-5.674501219246384842e+00 -1.810686671357674901e-02 -3.069981486619064448e+00 1.568536069254792720e+00 1.513046991126824059e-01
-2.877236881090439180e+00 -7.739161392377977844e-01 2.449264020097913219e-01 -1.718705745190549083e-01 -1.175793535984881233e+00
-2.631153374861451955e+00 -1.963783026192666092e+00 2.223202306287995089e+00 -1.276999013527357674e+00 -3.525498962043293605e-01
-2.415234687859097562e+00 -1.121126844648290044e+00 1.710103824613637524e+00 -1.902277016207992055e+00 -5.337363035079768503e-01
-2.372118665094545609e+00 -1.159145328863544044e+00 1.577445121430715691e+00 -2.051977033638094916e+00 -6.406849810660825151e-01
-5.268039472242807442e+00 -2.939996966034051917e-01 -2.452200243259629264e+00 1.252458144567108134e+00 4.227355843199424035e-01
8.806447096657473494e+00 -1.390981938519209038e+01 -3.433107304841579221e+00 -1.376745830015101424e+00 2.337361186617811892e+00
-2.782445876790335948e+00 -2.007375438940741663e+00 1.915832857056243732e+00 -3.738321845837906943e-01 -8.061824454129508100e-01
2.559731315587923994e+00 1.866655209589237474e+00 -1.034705792267743174e+00 1.482304793474294557e+00 -1.184612388106111691e+00
-2.454452139979259595e+00 -1.175925559013283328e+00 1.483354057684864058e+00 -2.091087957212295567e+00 -5.123936311397587762e-01
2.351896134244890302e+00 1.741250304593124021e+00 -5.749375965865446414e-01 1.185494237853030874e+00 -1.444394203221751383e+00
2.244872622401554718e+00 2.661091861478076748e+00 -1.352660607818784388e+00 1.198795548805416722e+00 -1.122432552030851127e+00
-5.570623661160671425e+00 -5.536643933421521169e-01 -2.775004151808966757e+00 8.975225232286008215e-01 2.464947553773671196e-01
-1.641149826428372149e+00 -1.681845642634000715e+00 2.127090917317817631e+00 2.198750729846113694e-01 1.158651423413249587e-01
-2.422958337031746456e+00 -1.155658906658129759e+00 1.671248431396371803e+00 -2.010323768524900245e+00 -6.530285608725071578e-01
-5.333769234293142425e+00 3.334824970002425726e-01 -2.876559186182468419e+00 1.380194803741819687e+00 5.787760019559693436e-01
-2.343350237977056327e+00 -1.190481166404235402e+00 1.561231566932154369e+00 -2.267904209874144872e+00 -5.599868336495338328e-01
2.681729675969537929e+00 2.083833818241040969e+00 6.972946717259335958e-03 6.269751822181651724e-01 -9.532074894713186142e-01
-9.046447097467911203e-01 -6.662517733968841283e-01 -3.692156177742310363e-02 6.312519959200170172e-01 -1.654322228860114707e+00
-2.445417629375923330e+00 -1.347087569049081113e+00 1.612324771291594461e+00 -1.737923732073010319e+00 -8.872658089350580202e-01
8.918635824913637933e+00 -1.434898320519024217e+01 -4.366502797086899257e+00 -6.874731601631198785e-01 3.082753340863852998e-01
-4.416156267742708530e-01 -5.091043753643262448e+00 7.218810542807714725e+00 6.498041274083627528e+00 1.998083686675447557e-02
7.620699212151296198e-01 4.287227513412480984e-01 1.247722023070190644e+00 -7.351380006538219547e-01 -2.959708471087669213e-01
-5.288363839853502668e+00 -1.931047756620478673e-01 -2.691163469661481678e+00 1.391350060675306199e+00 2.554752218878655889e-01
2.231962360705567860e+00 1.305023210428188918e+00 3.775134121640233431e-02 3.253486043843779041e-01 -2.322268515457901028e+00
-5.225141615757788571e+00 -1.867161657637927963e-01 -2.363026017340712048e+00 1.112689358794955341e+00 6.915564300750921545e-01
9.640933861213946798e+00 -1.409927442771999040e+01 -3.887271083232749280e+00 -6.986228819182408456e-01 1.475356231006739849e+00
3.120342456260850383e+00 3.539842939048789106e+00 -7.489588012685377549e-02 -5.862574872224589617e-01 1.992752089550716477e+00
-2.620192382830389466e+00 -7.024272338848378539e-01 1.400321245675786308e+00 -1.962390617622872480e+00 -7.258087542270960091e-01
2.287328486957175055e+00 1.316447883196575797e+00 6.774767161085383516e-02 4.413823080432905943e-01 -1.891295191205706328e+00
3.155396430340092540e+00 3.851763245429003391e+00 -6.319471326393667487e-01 -3.224294435245059764e-01 1.816396088709408385e+00
-2.451361227840967327e+00 -1.177948612407297757e+00 1.694230736475237142e+00 -2.347412031934505094e+00 7.065207130306036531e-02
-3.341615144558518047e+00 -1.111313193119112697e+00 1.843462944822967353e+00 -2.674549369015345235e+00 1.227286484316166826e+00
2.079975072429053995e+00 2.167457122152815607e+00 -9.156491174874737959e-01 8.671547613632047957e-01 -1.154727350919294349e+00
3.069087596155109399e+00 1.497544421584795060e+00 2.590477717302530625e-03 1.463306006518411584e+00 -2.246721724024619338e+00
2.981234337263682033e+00 1.579661138353125382e+00 -4.323461977719017524e-01 -3.072843608312106345e-01 -4.639935810984141540e-01
-2.011212976681571174e+00 -2.258070439672175578e+00 3.477119120517688788e+00 -1.659370901077366289e+00 1.628608341342746568e-02
2.940359576643521766e+00 1.187235509327868588e+00 4.178737403860758870e-01 -4.144970514265135242e-02 -1.452994122551644285e+00
-3.096061712124162035e+00 -1.826627503677677566e+00 1.140695978105477348e-01 8.522954597472364169e-01 -1.059921994236400211e+00
2.190892617178122226e+00 8.387436157884901045e-01 -1.744864499680663927e+00 6.622001864359370327e-01 2.001112062850059492e-01
-2.357433921050523296e+00 -1.125008610632743267e+00 1.628653453260268558e+00 -2.208204698434935498e+00 -6.390036626137038933e-01
-5.297807988568627557e+00 -2.166105093998425546e-01 -2.627207736182754161e+00 1.274835789419372700e+00 5.256792252235056306e-01
2.182689549815976182e+00 3.798815974723315225e+00 -2.415639577345995992e-01 1.676250912606684684e+00 -2.140203544123193691e+00
2.593798086692792548e+00 9.566225108455497228e-01 -4.580777958436672015e-01 4.645237253638032082e-01 -1.921990664779215097e+00
3.866841670819797905e+00 2.964943415754923262e+00 2.936370842305189854e-01 -9.808338002233145669e-01 3.186302203722795046e+00
-2.457115281544731467e+00 -6.337297623329253282e-01 1.185698301798930654e+00 -1.596956614257846185e+00 -1.053019094328490501e+00
3.616928632036584101e+00 3.165787617172228341e+00 1.265967087281293785e-02 -4.867102624551434276e-01 2.070404201426794266e+00
3.130105469463956069e+00 3.867702768892924858e+00 -7.790040930467732050e-01 -5.457342515898766511e-01 2.065692747410689645e+00
-5.691205484853679941e+00 4.313350360528359073e-02 -3.024055546085293145e+00 1.413700067443211195e+00 3.425165933669600538e-01
2.747309534443305168e+00 3.770741095629583040e+00 -9.378188580806052776e-01 -1.153425099689546068e-01 1.622171958713670037e+00
-2.458590353668009154e+00 -1.151394105190196138e+00 1.530656796387615870e+00 -2.033609198633517856e+00 -4.651663159978693951e-01
8.571709310898878442e+00 -1.396974333405072421e+01 -4.389721274158219444e+00 -7.402816155433633583e-01 3.618583637382425944e-01
2.472936302862480673e+00 1.564852538764825107e+00 -1.893430886251948886e-01 3.802141144314696297e-01 -2.026147374347098129e+00
-2.426842568211344364e+00 -1.136847950186714806e+00 1.524878755440893796e+00 -2.101564083976984687e+00 -6.464893793415426027e-01
2.629614366934049929e+00 1.330002729368423786e+00 -3.900071217162524029e-01 -6.768401137973584225e-02 -1.629487884944601062e+00
3.483053912978062883e+00 1.180641200926815015e+00 3.515998634694401104e-01 1.333920509977195301e-01 -1.441196630803809109e+00
2.761609950977936823e+00 3.708062119588791727e+00 -8.271539660974425168e-01 2.435829007191226414e-01 1.665174871083415997e+00
-3.128175057633439060e+00 -7.564893134039134548e-01 5.609613883450488281e-01 -6.329945558972798203e-01 6.199169105533303137e-01
-1.924699319758733207e+00 -2.261637816671515644e+00 3.302918640171655262e+00 -1.816663089679110277e+00 6.358113666406667308e-02
1.627731685311515131e+00 -8.737145741727937676e+00 1.341563776444720268e+01 1.590814601886327573e+01 6.348237802924847628e+00
-3.296146901256513218e+00 -1.072450375453632088e+00 1.723725856007380708e+00 -2.544775631624982992e+00 1.099468370551561991e+00
-2.421309634289797952e+00 -5.984797201749276763e-01 1.198101097426578221e+00 -1.673353114175979872e+00 -9.900822178424554254e-01
-5.708801441141595490e+00 -2.418320779428618367e-02 -3.021639099024679531e+00 1.026829856686468201e+00 5.792094039754657198e-01
3.908508592530874459e+00 1.187172082363625147e+00 1.121758233400927063e+00 8.673095792306688701e-01 -3.016751187261856870e-01
-2.066002888130701098e+00 -2.751680515479243638e+00 3.655063316252102013e+00 -5.822268046118183465e-02 -3.941240838859760842e-02
-2.401071006400829599e+00 -1.173157418392639650e+00 1.473450494416241874e+00 -2.000255811080824397e+00 -4.795956740299192611e-01
-3.347008695566523695e+00 -6.943908022343479036e-01 1.407473309524129856e-01 -3.698881671615890099e-01 6.215303827163888295e-01
2.627901828647301929e+00 3.340162198392633730e+00 -9.324780546711789464e-01 6.572839174883014779e-02 9.762278466152910505e-01
5.204384314977850146e-02 8.020002827552157043e-02 -3.808189041274349929e-02 -1.214622020621534265e-01 -1.961237059178468023e+00
-1.290402748917278464e+00 -3.864137301920607559e+00 5.607224379608176434e+00 2.060848770760157489e+00 6.018256376302505428e-01
-5.220867171625628522e+00 -3.157831740523355801e-01 -2.419222104672722473e+00 1.282727942451695302e+00 4.612945790859305784e-01
3.622072131731786993e+00 1.440485723508825755e+00 1.023241413318012993e+00 -4.451597110204333907e-01 -8.329131971322820682e-01
3.877818282512605297e+00 3.179635584112692204e+00 -8.097855910209379449e-01 -4.444960799951816477e-01 2.603247564356486521e+00
-5.269190625954866647e+00 -2.506162619255865587e-01 -2.550763210099463052e+00 1.309748549030343989e+00 4.308150646452808541e-01
3.038597209764089424e+00 1.148693042612290105e+00 4.849581072891802624e-01 5.663998865277919403e-01 -2.341405462491850109e+00
3.156308141877142592e+00 1.649707164072520271e+00 7.723365483742734849e-02 5.432346315801735159e-02 -2.050640387988172275e+00
-5.252075109467480019e+00 -2.194349165024989112e-01 -2.414598675964414909e+00 1.256196111417019257e+00 5.565028416559275604e-01
2.012293557440072433e+00 1.437763757030439793e+00 -2.974387091424340324e-01 2.065906879063618695e-01 -1.702983944514058212e+00
3.773731846645170585e+00 1.705589081088482617e+00 2.849428344924757051e-01 2.178412771926336866e-01 -7.508263668845053251e-01
-5.657493073305153608e+00 -1.324973614036196456e-01 -2.992655745962716995e+00 9.938548472636764552e-01 6.143834554492799693e-01
-9.939166578955094256e-01 1.085185887900330659e+00 4.156278335692439319e-01 -7.493666492269110968e-01 1.245800685770411809e+00
2.175020997606747386e+00 1.528428242390948988e+00 -4.188447267550576281e-01 1.060992543541427136e+00 -2.866763033762259383e+00
2.869688536664380063e+00 2.084856937389627074e+00 -1.094294762389676823e+00 8.380291797555696753e-01 -4.247932171626157549e-01
3.383588397734309083e+00 2.903648476085536334e+00 -2.869302775401773586e-01 -3.680499759269594273e-01 1.243415325655018000e+00
-3.156408036317248200e+00 -4.701284265033744969e-01 6.515725810843013832e-01 -1.354948255953366321e+00 8.864807850943431378e-01
4.390626846486963331e+00 2.651656167197163239e+00 5.378324894765180719e-01 -4.781156625676715732e-01 2.635535094146901347e+00
8.962553261427864015e+00 -1.402422968040541384e+01 -4.363913555695625668e+00 -2.672402512706620326e-01 9.819027392072551819e-02
2.870216170813337797e+00 3.857658116640257262e+00 -8.207106098824702434e-01 -2.886141214456320880e-01 1.717758749918888883e+00
4.082043854267135785e+00 2.306993628021080767e+00 -4.968924397886764766e-04 -1.011335201203131140e+00 3.075918738099176597e+00
3.150757863627283051e+00 1.690804259000161291e+00 -2.321229679633016740e-01 1.772835251835884751e-01 -8.161670674787127044e-01
-2.314960169769101572e+00 -1.077193709431383262e+00 1.630121593761639343e+00 -2.336983451871768924e+00 -3.443246485275981983e-01
1.975661548709553461e+00 1.047686218906012101e+00 1.264369592860666858e-01 2.214909747745676949e-01 -2.263965831982152288e+00
4.652839837142583868e+00 2.797050419593120285e+00 1.571856586737109485e+00 3.273384096164043133e-01 4.080503276768362220e+00
2.938301411116541306e+00 1.461696941104960290e+00 -1.937022836202952625e-01 8.967047985920488795e-01 -2.348583623733139891e+00
-5.250964171151814242e+00 2.013371343855460127e-01 -2.887493650634453068e+00 1.453839010035548274e+00 3.220094109950647487e-01
3.029230675564839270e+00 3.783631140827167894e+00 -4.326419545946108558e-01 9.192851402284783757e-03 1.999291716802220176e+00
-2.662947056734063622e+00 -1.659914766079154891e+00 1.933535164314780230e+00 -1.434062750537779873e+00 -3.041760354778956232e-01
-2.472349919953277464e+00 -5.680195588959903175e-01 1.178299666169075444e+00 -1.640834487426547250e+00 -1.014853385043525291e+00
-3.141141290545459430e+00 -6.315484478627838572e-01 6.602777106622127468e-01 -1.084585742326257263e+00 6.206380628042087455e-01
3.992399378965302059e+00 3.177688962077618307e+00 -3.765061005706147879e-01 -1.174698983195580082e+00 3.283826642124274997e+00
3.281297737717442597e+00 1.231912566276593513e+00 4.542935769852906591e-01 9.813265055938662496e-01 -1.930377062137660138e+00
4.314173734005905203e+00 2.771528168869830111e+00 4.814261367441574624e-01 -1.449373926584972772e+00 3.817665224913850519e+00
2.489267073798236751e+00 1.274738275029313916e+00 -4.677655317728428019e-01 2.137673996575511215e-01 -1.926649352344597554e+00
-2.615017721240692872e+00 -1.839099345178817124e+00 1.892469230151407444e+00 -1.405560040689962875e+00 -3.951564515941092259e-01
3.131160705229478314e+00 2.913953148020938411e+00 -4.906515662793937693e-01 -3.438020156256534343e-01 1.616616971590573160e+00
-5.305864711635504882e+00 -2.242077708040893513e-01 -2.482981145138253964e+00 1.207639185681846028e+00 5.258340611231296924e-01
3.675564856765447974e+00 7.160286367907179317e-01 7.521414248103948097e-01 2.508027317779448762e-01 -1.494047947684222999e+00
