1.406884646286634011e+00
1.529309903025029094e+01
3.732396157871512088e+01
8.004952686316674004e+00
5.017847282532136887e+04
1.299004186948028746e+03
2.502286508915801377e+01
2.952972200754346588e+01
2.681504514333328615e+01
2.616794811327041259e+01
4.764778622989692849e+02
5.095071559065462452e+02
2.857352747435263041e+02
4.108171116131909884e+01
5.269991265286932503e+03
6.409518025278696769e+03
6.752548517752597945e+03
2.978089883624705503e-01
1.564002836078384644e+04
4.487130511691161701e+03
2.277322388770393809e+04
9.528026714386225649e+03
3.671928879249841702e+04
1.244765588247896085e+04
2.056243959516551331e+04
3.074247474852218147e+04
1.467873463751193049e+04
7.669420807113398041e+04
3.689210778459172434e+04
2.915000451603674810e+04
4.975463457049355929e+04
2.944848579715082815e+04
1.992445949235243461e+04
5.085513683625493286e+03
1.376212642472342304e+04
7.879155998745681427e+04
9.922639192538856605e+02
3.361259054913323325e+03
3.668548868482613216e+03
2.871824444318004225e+03
1.960524765811333054e+03
7.824305631179581724e+02
1.299598271684999872e+03
1.648478797997609036e+03
9.269083273830979124e+02
7.730323982556978990e+02
1.051755030021001858e+03
8.856695157196052605e+03
1.243864938393909824e+03
6.736052536907141075e+03
