-2.825995034942774708e+00 -2.348823437191612129e+00 1.051717855332469753e+00 9.329910233078317905e-01 -2.155396748219255088e+00
-6.139253610647165793e+00 2.430088922045935629e+00 -3.451872283950260911e+00 1.563524194573694848e+00 -1.164502484067236665e+00
-6.672460778456045460e+00 1.462300071837273663e+01 -4.006038013419524368e+00 1.851556515608711928e+00 -1.940177985868620336e+00
-6.251021263652782878e+00 3.938307242219709181e+00 -3.516815435873898110e+00 1.577172545789326197e+00 -1.899039207512301264e+00
-4.486794831312535869e+00 -3.695895102896406548e-01 8.789050740004467066e-02 -1.844782285985998271e+01 -6.509926039163139722e-01
-3.962221525030863667e+00 -5.688430579797176811e-01 1.109386271276574520e-01 -1.630730404959144897e+00 -2.217564640278510524e+00
1.774818737646677302e+00 8.009293377209145692e-01 -1.170606322413386238e+02 -9.244328035076254668e-02 -2.470305027177451151e+00
-7.113403587626122571e-01 -1.654770872967988637e+00 -5.592781650086253720e-03 -9.796892664942459250e-01 -2.948924893185911777e+00
-3.440542236524737341e+00 -1.480564877188037975e+00 8.595784513963434792e-01 -2.601128047042887470e+00 -3.785953079186907377e+00
1.673087045778800519e+00 2.006186935990762255e+00 -3.942412020369218673e-01 8.765277918595466566e-01 -3.390489330536868628e+00
5.423758205388904408e-01 -2.332024078057510330e+00 2.325182716388119797e+00 -2.664169769304968405e+00 2.306123127999344824e+00
-4.160851251359227732e+00 5.906334469952128075e-01 -1.107424278542985530e-01 -1.985397859571242707e+00 8.797853404587644421e-01
-3.395281491044939148e+00 -1.430339922134005182e+00 8.550692399821122613e-01 -2.743283041936297462e+00 -4.166656270564701892e+00
-6.244784251201505931e+00 6.978090075999877406e+00 -3.539112910309194504e+00 1.598355633159624034e+00 -2.392270073994358093e+00
-6.577344944866861942e-01 -1.643400525640022591e+00 1.527714843349831542e+00 -1.057017286473643347e+00 9.706876050359463104e-01
-6.260974201974561559e+00 -1.025563269335471830e+02 -3.788928895195225799e+00 1.742697220778250067e+00 -3.057227267284948091e+00
-3.593831938337311183e+00 -7.666220737368549809e-01 6.076255453283336827e-01 -2.497760170747081787e+00 -3.592251777499484877e+00
-1.653671404275409706e-01 -5.869338521949945431e+00 5.369839300498036927e+00 8.321355106892868392e+00 -4.325653965736555584e-01
1.108811469917865056e+00 1.325782400460925325e+00 -3.544298794116091944e-01 6.659916322874792627e-01 -7.465562075022391664e-01
-4.515314186459496781e+00 -1.586391270280445465e+00 1.072699133825975704e+00 -1.842292044929762174e+00 1.205879433306539683e+00
-2.950566562732467091e+00 -1.644238864082012919e+00 6.414672241484380422e-01 -1.089487385056054025e+00 -3.848087460819084260e+00
1.470275833976022017e+00 1.110352480607182724e+00 -3.116042026264753684e+00 -1.222139640283348871e+00 -3.016614762780918113e+00
2.369406319559209440e+00 3.123025142530337472e+00 1.667216073868456938e+00 -3.099718988970950662e+00 1.528824520848341972e+00
-6.183539341093815978e+00 -7.254112241123658045e+00 -3.933894283248705825e+00 1.866907428448045803e+00 -1.031373362581729403e+00
1.845967236507989551e+00 1.269876998601053630e+00 -6.227820256829744494e+00 -1.957772111086943934e-01 -1.889708561644720008e+00
-2.551704451824116759e+00 -2.419694594535550358e+00 1.144450058167623574e+00 -1.600155137934939908e+00 -3.284309890684965261e+00
-6.136533486173345153e+00 4.529308564816761695e+00 -3.364780396370572912e+00 1.501609288848819057e+00 -1.912762317141153856e+00
-3.353474181211558935e+00 -8.121096493112677228e-01 5.427227319838789921e-01 -2.058431813115304099e+00 -3.294061123762793031e+00
2.818193146349013301e+00 1.680669998953799205e+00 -1.872424211719603937e+00 -9.658943854044990118e-01 -8.987769686472073261e+01
-3.809117500089481467e+00 -2.172650084232248258e+00 1.215717299489533332e+00 -1.982606376343329702e+00 -6.532749139148823048e+00
1.304979080543656300e+00 1.733804498474227351e+00 -1.156797955638209530e+00 7.991835016119595014e-01 -1.320759640135261037e+00
-2.402751586084471036e+00 -2.127633091812131561e+00 1.916229343151993447e+00 -3.493603737082372485e-01 5.498808016906269103e+01
1.451143166715594068e+00 2.355904934099880776e+00 1.859651133182021354e+00 -3.333310718030440434e+00 6.763180953057279510e-03
-3.916558613056013272e+00 -5.558673003225435005e-01 2.622431623452573524e-01 -2.223659364752544221e+00 -3.184628285917318724e+00
4.327117433156255188e+00 -5.997537030913695055e+00 -3.981667769168278248e+00 2.823998509404271218e+01 -1.217034224623076311e+00
-1.875804242143995548e+00 -2.249404608344113043e+00 2.407496684236679840e+00 -2.536345531190501656e+00 2.277754355930776242e+00
7.421541197295169034e+00 -1.488894723244534113e+01 -6.751676555445252248e+00 -5.627328115956437671e+00 1.177943562017801371e+00
7.430132729950031933e-01 1.243412673871234553e+00 4.080814113226284290e-01 1.093826161242601458e-01 -3.152593696795877420e+00
1.059638279197019362e-01 4.430796184179437880e+00 -5.127837963427086088e+00 6.357767438960160167e-01 -3.991997487595716265e+00
1.881750349235673969e+00 8.608750512887761719e-01 -1.008553311044591450e+00 -1.878412764023164705e+00 -2.671616195275497319e+00
4.327117433156255188e+00 -5.997537030913695055e+00 -3.981667769168278248e+00 2.823998509404271218e+01 -1.217034224623076311e+00
-6.691827423596751423e+00 2.076329890636451836e+01 -3.944946391713564537e+00 1.874176991109685719e+00 -3.518631963854526923e+00
4.254241259402937736e+00 -6.863682204633976269e+00 -4.899473844469994788e+00 -1.417697327500152937e+01 -3.089612941447538175e-01
-3.927476883522846407e+00 -2.116246557506915593e+00 1.804204922326720251e+00 2.591193517951790870e-01 5.077065808675791381e-01
2.779202279801694875e+00 1.083161379399123270e+00 -7.557110153851946954e-01 -8.764418285628812200e-01 -2.543233825982075480e+00
-3.262689059409889403e+00 -2.840030175282919345e+00 1.710269959975852183e+00 -1.827600365757680700e+00 -4.351598456898540412e+00
-3.690976486443100502e+00 -2.283461154896009315e+00 1.114454378042707638e+00 -1.516487662004328163e+00 -3.411862416625077277e+00
2.066840996251999130e+00 8.924463877616493068e-01 -1.091459277417663021e+00 -1.523962633778583875e+00 -2.701323132279129791e+00
1.926421953355871741e+00 2.861656261231788623e+00 1.731098137870936693e-01 -3.714852481886515179e+00 1.267445105276856498e+00
-6.215695299681568642e+00 2.094322985687508876e+01 -3.262224216194236526e+00 1.486834905869126811e+00 -1.235686276415565832e+00
1.825489329142296446e+00 8.851020130073079528e-01 -5.738148097055633556e+00 -7.850757208343667193e-01 -3.251120332028141657e+00
2.426390715265299480e+00 2.841062491436981308e+00 2.173016013931097667e+00 6.954758437315500252e-02 6.747227353614131395e-01
-6.690673962036634670e+00 -6.088301126153577769e+01 -4.069875616939174989e+00 2.057538970153482083e+00 -1.137002853159257088e+00
-4.294801588285434235e+00 -1.461106384420045590e+00 9.740811408849107123e-01 -2.932495778393906960e+00 1.704449960534143438e+00
-3.466202549568012881e+00 -1.590246256182998419e+00 8.435322836840541960e-01 -2.540928593805125590e+00 -4.021361005102363606e+00
2.593399026072329860e+00 1.033225822951490791e+00 -7.941526112240205881e-01 8.890383335542049181e-01 -2.009264188615688340e+00
3.028606506367585105e+00 2.793016399855762000e+00 -1.442407387783421200e+02 -1.744524220754909871e+00 3.504314356713992495e+00
1.405905832669108291e+00 1.390350999280383970e+00 1.156148863599480103e+00 -7.431495105002294821e-03 -5.872764349815926543e-01
-4.318914207453289578e+00 -1.208203052472493155e+00 1.116219900186668168e+00 -2.935055109671120377e+00 2.268467994774809426e+00
-3.437361126228654751e+00 -1.478216964848466652e+00 8.410605844522877073e-01 -2.544406932101178853e+00 -3.996506783749508962e+00
1.785140464165079210e+00 2.845034097580106280e+00 8.267954105952668442e-02 -3.025024733810242950e+00 6.073644252594931903e-01
-6.273037750483492658e+00 2.710779105166847813e+01 -3.724108508475762136e+00 1.725066004357645788e+00 -6.990007819155799496e+00
2.884685407555535264e+00 2.698836690739983890e+00 -8.595632103965128223e+00 -2.030241866037495679e+00 2.538022007944682468e+00
2.330455240330070232e+00 1.039434948642534273e+00 -2.072990234419421540e+00 -1.292484611590429378e+00 -2.368921685641690811e+00
3.434265345125487201e+00 2.981602694454391411e+00 -4.700869009059256420e+00 -1.745856858147488033e+00 2.599650440693590525e+00
-3.152779676569652523e+00 -1.570763584654608636e+00 1.164663044903732958e+00 -2.779386337680694208e+00 -8.905922401286403556e+00
2.120081758023785845e+00 3.065322193027527398e+00 -2.208803324887105290e-01 -3.307675849226407561e+00 1.055905892135875934e+00
1.800139811139809920e+00 1.055937510777642974e+00 -1.121436315250414317e+00 7.870467242137857422e-01 -1.554599649029413388e+00
-3.334374640294877068e+00 -1.292700174439218364e+00 8.259192157442912796e-01 -2.731260632023458257e+00 -4.302665286767208386e+00
1.699624638170620372e+00 8.959549771845323196e-01 3.673002121611526505e+00 -1.560935907980096626e-01 -2.379694572411780840e+00
1.364646259650701188e+00 1.701385022806019665e+00 -3.201320715070617240e+01 4.214025499084197435e-01 -8.175022177501181986e+00
-3.618061909773842011e+00 -2.315327176281717136e+00 1.122955353227339526e+00 -1.978143888010320151e+00 -4.885640071494633752e+00
9.617272616077778835e-01 1.640623867694925853e+00 -1.603131671830459792e+00 9.342584687892754314e-01 -1.635383182119391599e+00
8.966118582630873135e-01 1.542176814462771883e+00 6.866201959689115508e-01 1.408996295246153219e-01 -1.574888193933376423e-01
-6.312725303586480763e+00 2.044424028136224081e+01 -3.427622855118478640e+00 1.550078972549877365e+00 -1.586631579481819543e+00
-4.454399442771398654e+00 -1.246667671172341008e+00 3.430994195648404688e-01 -9.454957876589965560e-01 5.387111564356518834e+00
1.914184522507152320e+00 8.298286262872410779e-01 -7.872213880198802860e-01 -5.839661851793975789e-01 -3.111832821041695674e+00
-4.357086723283366325e+00 -1.032301534688932820e+00 1.043595631543555724e+00 -3.143460614488634342e+00 1.700211061646847988e+00
-1.808480094736867549e+00 -3.299371208567039471e+00 3.619585706931518043e+00 -2.167018783963342798e+00 1.837250380674604555e+00
2.285542566578707913e+00 3.358876921230139256e+00 -3.689262573648517396e-01 -5.590548419193050123e+00 9.732390710857345972e-01
2.494790276236762416e+00 1.042116776807718859e+00 -7.880711000742348649e-01 -2.435814187802851638e+00 -2.450059674127042619e+00
-3.139916811960518750e+00 -3.109698798239457496e+00 2.641706151056510077e+00 8.083665321103872259e-02 1.880815875457608755e+00
5.377358076636241435e+00 -8.976111620680811143e+00 -5.420451690944490863e+00 3.116744561929113644e+00 -6.560189625896739152e+00
-6.284009589378463545e+00 -8.729649025203011092e+01 -3.860807805430856110e+00 1.774937226069826401e+00 -2.020978258870318900e+00
-4.548331461549318888e+00 -1.609117843524369151e+00 4.847396058497892568e-01 -2.030082334373011221e-01 3.986510333320004484e+00
2.110559844146515207e+00 9.949814360577811101e-01 -1.513729367627483224e+00 -6.995317986138365196e-01 -2.187376789407685429e+00
-3.068615400799794113e+00 -3.298701507291540214e+00 2.552462660114243054e+00 5.017710533258218364e-01 7.671206734550043649e+00
1.940075940682891353e+00 8.556895916368723043e-01 5.573428219956583218e-01 -1.914260878078409278e-01 -2.425271239862136330e+00
-6.698167992633981882e+00 -1.762419124270619619e+01 -4.066754150388954159e+00 1.892977397448326160e+00 -7.773534196214470171e+00
2.167249657496899129e+00 9.072421453402423897e-01 -8.085413269794117230e-01 -3.757208170405883507e-01 -2.705917979209752744e+00
1.333291360858115171e+00 2.484928613470616554e+00 1.062463093876049314e+00 1.141766395321091032e+00 -1.025555710531476983e+00
-6.245028694503369948e+00 4.051502606904227477e+00 -3.472255787542011252e+00 1.562128270406643704e+00 -1.541305802708655026e+00
-3.923972801121006881e+00 -3.676325611693770923e-01 2.872244989124054237e-01 -2.581428448302977019e-01 -2.240169969578919229e+00
3.009213914766256437e+00 1.141242536047665013e+00 -7.612436872694496870e-01 -2.232850154711206514e+00 -1.790873511837558940e+00
1.889254082962651626e+00 8.793283385327257395e-01 -7.056374028230347761e-01 -1.228987421935459290e+00 -1.372902879014600153e+01
3.112721197132400697e+00 2.471996328855953440e+00 -2.313941257774604576e+00 -1.712988188018648383e+00 3.046999778703911144e+00
-2.932357266972176024e+00 -2.361227156989337495e+00 9.813177095095398927e-01 2.694658864181661340e+00 -2.284594570818803128e+00
2.186136966431694084e+00 2.225452949868585328e+00 -2.047986942049750958e-02 4.482326190037129177e-01 -3.424491236365550151e+01
-6.806515369460814036e+00 -6.560224110989631541e+00 -4.066817216990614270e+00 1.889628318592560863e+00 -2.601640542096401276e+00
9.724111727586013387e-01 1.385135390761505825e+00 -6.950349355553550046e-01 9.864385498893479820e-01 -1.777036627812277780e+00
2.945754281992965851e+00 1.200717771800279721e+00 -3.372413002096723567e-01 -3.863776379228969216e+00 2.776357808757543566e-01
-6.314312258861433769e+00 -2.172007242153606299e+01 -3.788989518421308933e+00 1.753611200017848537e+00 -3.372909359199611323e+00
1.627558866306739516e+00 8.939496059200859879e-01 -2.869959455595766373e-02 -4.952324332901751447e+00 -2.659893481419155048e+00
-3.859298595407162580e+00 -1.206951168444234668e+00 3.208489871300925778e-01 -7.643572748724407617e-01 -1.741809515739697112e+00
-6.305062262443923871e+00 -1.480439406319178453e+01 -3.854158931856603854e+00 1.778166532891196416e+00 -1.797847643291470288e+00
-6.729217987497324138e+00 -1.679747132503376505e+01 -4.046245065837811516e+00 1.947750470124981481e+00 -2.013935852228130763e+00
-6.306774928868324359e+00 2.235004144465756326e+01 -3.432663762799901264e+00 1.551864669702433863e+00 -1.731949689025379824e+00
2.774081463909240597e+00 1.938798541073622150e+00 -2.863313308599065632e+00 -1.814086327364116347e+00 2.157036688399087687e+00
-4.446085881393051054e+00 -8.271537098577491642e-01 2.586956919433330282e-01 -1.498356839485892156e+00 -1.641089548017996780e+00
5.697841048985040402e+00 -7.763020851959863577e+00 -4.296296588184642218e+00 -3.333029538215354748e+00 4.316841733242346990e+00
1.031849311751976472e+00 2.511407935109014833e+00 -6.628079989305946107e-01 -2.176570031604870614e+00 -2.500700150120305665e+00
1.591275334952749310e+00 3.058508900735944724e+00 -1.921487429770369904e-01 8.425250927573616488e-01 -9.432368473624452854e-02
-3.009499823369725213e+00 -3.107933998311526835e+00 2.471697123026659337e+00 -8.958340361254272244e-01 1.928079045677405512e+00
-9.283916025172580522e-01 4.968532641434848518e-01 -1.831138053123890996e+00 -2.162988070845575095e+00 9.589803625478667826e-01
2.550647130680029129e+00 1.677650370034421634e+00 -1.017352318752535290e+00 -6.531263861760671086e-01 -2.675347840470088112e+00
2.712616130183503671e+00 2.597838952706173377e+00 3.148541430845383360e+01 -1.977854047567418450e+00 1.609387441081113979e+00
-3.465785932029913585e+00 -1.566702778561720244e+00 9.050802908835529070e-01 -2.515418115334440596e+00 -3.802640719385294688e+00
1.472511275182440071e+00 7.260463199290506653e-01 -5.335385063061321986e-01 6.489323479966619956e-01 -3.602056562113278737e+00
-3.498347547534247148e+00 -1.677882786324858433e+00 1.070941710528416912e+00 -2.897500910661225060e+00 -6.936514944576917863e+00
1.238622880822464634e+00 1.109517038900963648e+00 -4.818118291303166600e+00 -6.215334435464221485e-01 -3.529189863434443630e+00
1.657515642171885961e+00 1.125495421523918349e+00 4.801794324103429545e+00 -1.916579583044112356e-01 -3.074772038152483677e+00
-3.254861137489049483e+00 -1.633224543376622151e+00 1.075012159261285571e+00 -2.815665104502032445e+00 -6.409761544299188429e+00
1.583613866876153020e+00 2.743358980394643432e+00 -1.022878009499137875e+00 8.129298825393197481e-01 -1.946854200663015622e+00
-6.268800053678083017e+00 -1.162773460039257678e+01 -3.933712399546599681e+00 1.849713234673035167e+00 -3.475205187677283813e+00
-6.251465463711106452e+00 -2.212940472903429168e+01 -3.934803945053846785e+00 1.814804833609370283e+00 -1.363379319805660295e+00
1.883219957397054944e+00 8.641139028134942057e-01 -1.097651313618383861e+00 6.244270001194932362e+00 -2.960538577430362750e+00
1.666658169222806407e+00 8.764337185231865224e-01 -3.362383475014095735e-01 3.156357466606539042e+00 -2.366222912984672355e+00
1.450819760110595880e+00 2.284947076162913149e+00 7.163401699144027468e-01 4.460637364929414539e-01 -5.710771555118796527e-01
-3.405338658351742875e+00 -1.626879954858657662e+00 9.727664753874382120e-01 -2.158656471829790924e+00 -3.267598469949899442e+00
1.592722543379798905e+00 3.056997004592031608e+00 -6.576577349227097358e-02 6.317315726187233693e-01 1.533752209895861540e+01
-6.265294812283166870e+00 1.488331267682618986e+01 -3.458866314796805952e+00 1.572322476299992333e+00 -1.304487210500023586e+00
-6.287835838944181077e+00 9.789201448340252298e+00 -3.578718754129059487e+00 1.622119508103534447e+00 -2.326643314178207689e+00
-3.524575388747252180e+00 -1.536356435443618995e+00 8.811591601537169804e-01 -2.474655941634829048e+00 -4.725227734704652960e+00
-4.620173008418817950e+00 -8.601106971353702502e-01 4.109361019493675271e-01 -9.756256775576737095e-01 5.132427216540440540e-01
4.327117433156255188e+00 -5.997537030913695055e+00 -3.981667769168278248e+00 2.823998509404271218e+01 -1.217034224623076311e+00
2.077765213764401597e+00 2.778518748040457176e+00 4.570674137179219443e+00 -2.041273419900207831e+00 4.703676834830919917e-01
-6.289024228081165901e+00 4.716095928875832755e+01 -3.778318606883097175e+00 1.741576286076394808e+00 -1.041391972251417997e+00
-6.676556719873694590e+00 8.869443502315274941e+01 -4.074394961539147708e+00 1.885270889851716092e+00 -7.926324702245784337e+00
-3.879292381717749816e+00 -7.116805198919439190e-01 5.061223896895069574e-01 -2.137108703992555425e-01 -2.277616754460510151e+00
-3.633208875488762146e+00 -2.582280225746344193e+00 1.574286092310241081e+00 -1.105987218458646559e+00 -3.826839245045743354e+00
-3.417290188486407310e+00 -1.506469052495106542e+00 9.701463747460689069e-01 -2.298596744377134460e+00 -3.968368796172659252e+00
-3.374174165721855356e+00 -1.575363225497019570e+00 8.691648325173452205e-01 -2.536048625932991740e+00 -3.828727255316006328e+00
-6.270094972870117189e+00 3.833513632976071062e+00 -3.502187403755970152e+00 1.569652983192182605e+00 -2.601472823693681491e+00
7.804391596030162859e+00 -1.509311651742074467e+01 -6.054978604993696223e+00 -4.059028924735754273e+00 1.737325556444635044e+00
-3.784501377417645251e+00 -2.612626207356664398e+00 1.332669781120840780e+00 2.077262229745517885e+00 -2.124730086162005094e+00
1.557675814960614025e+00 1.257162378641278444e+00 -1.315523054089881239e+00 9.505914122940132271e-01 -1.332622758572992838e+00
-3.456507640606569343e+00 -1.580459662802188969e+00 7.982308726920539499e-01 -2.615166426382789844e+00 -4.299852878744556683e+00
1.349840633617580776e+00 1.125860510783202262e+00 -3.661942075842923860e-01 5.102189613929778433e-01 -1.886262365830300602e+00
1.242817121774245193e+00 1.900532704804563711e+00 -1.568209199738272108e+00 9.570282052471900114e-01 -1.395526797280039588e+00
-6.572679161787982061e+00 1.324568328020264030e+00 -3.856825039155081569e+00 1.978771685359646204e+00 -3.240737313868468750e+00
-2.643205327055681675e+00 -2.404556195990819489e+00 1.441140586735189189e+00 -7.300633767808262675e+00 -2.181408070213184835e+00
-3.425013837659056648e+00 -1.557515777974608273e+00 9.456452106427453153e-01 -2.452222601528203150e+00 -3.756216409663597044e+00
-6.335824734920452173e+00 -5.247248878749029011e+00 -3.832266660134954872e+00 1.782463667778894312e+00 -2.050886128099240757e+00
-3.345405738604366075e+00 -1.629037345309052531e+00 8.640264339800306503e-01 -2.806110180129225640e+00 -4.326223278706164521e+00
1.679674175342227738e+00 1.450187664079043426e+00 -1.204704164758543641e+02 -3.825740908484162039e-01 -1.506329006634559375e+00
-1.906700210374100868e+00 -1.279603825750858404e+00 -8.253204542677101685e+00 -3.313930175142986156e-01 -2.395940997823674312e+00
-3.447473130003233077e+00 -1.829463152683856952e+00 9.442910766509898801e-01 -2.114869418608428475e+00 -3.226213988887316475e+00
7.916580324286328185e+00 -1.552897151156193623e+01 -6.682326972244847063e+00 -5.969220512621147279e+00 8.282965688747084831e-01
-1.443671127401580767e+00 -6.068266989696010860e+00 6.498705434563502692e+00 4.747441171257039905e+00 -2.229490525572149124e+02
-2.399855794121805719e-01 -6.447427336444305768e-02 1.082970570161496671e-01 -5.935689439249554056e-01 -2.993298839015889445e+00
-6.290419340480813304e+00 6.644676775749278619e+00 -3.721905925359658251e+00 1.692575885276958569e+00 -4.463705603982692338e+00
1.229906860078257891e+00 7.925744119612623262e-01 -1.478460089696851298e+01 -7.548909064006761316e-01 -3.228702397324944240e+00
-6.227197116385098319e+00 6.822378427112786525e+00 -3.396671176756942856e+00 1.541599061669612247e+00 -1.408659747877993862e+00
8.638878360586636163e+00 -1.529707960951884793e+01 -6.339378173590205279e+00 -5.449860409194314137e+00 7.964963665938596948e-01
2.118286955633540192e+00 2.790133767164933776e+00 1.781851353896326273e+01 -1.674393339219246268e+00 1.191492426877621469e+00
-3.622247883457699658e+00 -6.366319722087087074e-01 5.988076708258438519e-01 -2.483632539916059923e+00 -3.573231613023586384e+00
1.285272986329865086e+00 8.117898754207517609e-01 -8.702873020427714934e+00 -6.640954366782698681e-01 -2.734065581538164924e+00
2.153340929712782348e+00 3.084224063763771895e+00 8.027438884900756078e-01 -2.645113119190635409e+00 9.354962496112632087e-01
-3.453416728468277519e+00 -1.584260093379479706e+00 9.701371580487937463e-01 -2.863152454773914446e+00 2.174551329939819055e+01
-4.343670645185827794e+00 -1.252575778418102193e+00 1.082416618926562935e+00 -3.212176973423632287e+00 1.712618886397191620e+00
1.077919571801744691e+00 1.440119129942433407e+00 -9.713520796858200468e-01 5.765862664301457663e-01 -1.644232261294811037e+00
2.067032095527799651e+00 1.082178391428020303e+00 -2.321161877652947396e+02 4.600576740864126268e-01 -2.804242748856057510e+00
1.979178836636371841e+00 1.117875701640541841e+00 2.630764723176082232e-02 -2.257377742835726231e+00 -1.918059102061451027e+00
-3.013268477308880477e+00 -3.005149942144423214e+00 2.734690368196317944e+00 -1.249504731642842481e+00 6.855610505821312017e+01
1.938304076016211797e+00 8.941735673498174553e-01 -1.720037860570810873e+00 5.749440440633071248e+00 -2.474520125924072556e+00
-4.098117212751472671e+00 -2.343463399647906620e+00 5.513954104342805529e+00 -2.399408733449729381e-01 -1.513150015159212325e+00
1.188837116550812478e+00 5.844625064030515293e-01 -2.554744049474316547e+00 1.435588416318601013e+00 -3.060534634388136332e+00
-3.359489421677833043e+00 -1.527186842628381447e+00 9.027566209419173315e-01 -2.713297423660636642e+00 -3.999666036268318514e+00
-6.299863489195937305e+00 5.782903645013528049e+00 -3.662225469978426684e+00 1.661372329678904913e+00 -2.131585929598160511e+00
1.180634049188666213e+00 2.961244011378528995e+00 5.043441004710866871e+00 7.712972864522897876e-01 -2.607690345272605903e+00
1.591742586065482579e+00 7.307681798433978138e-01 -6.252363491922298122e-01 1.269236400297418244e-01 -2.759087093714144512e+00
2.864786170192488157e+00 2.336240105980560866e+00 -4.745216475308741799e+00 -1.781168824973505149e+00 2.394347663278964422e+00
-3.459170782172041214e+00 -5.258436016887813036e-01 3.973215950509267902e-01 -2.098729299771634693e+00 -3.090160628757056216e+00
2.614873131409274354e+00 2.490799236730552035e+00 -1.009642729029860106e+02 -1.471239617453782511e+00 1.228796934635445037e+00
2.128049968836645878e+00 3.097325165947826697e+00 2.038689160448298177e-01 -2.509608043920958931e+00 1.243953578992093911e+00
-6.693260985480990577e+00 -3.873077178712409108e+01 -4.020408662315111847e+00 1.852986394248603563e+00 -3.476593350521556047e+00
1.745254033815994976e+00 2.977259322552390230e+00 -3.324177058085663328e-01 -6.595928314244294377e+00 6.686466585929825568e-01
-3.460645854295319346e+00 -1.542168608519802087e+00 8.293319473396619790e-01 -2.528504888492536296e+00 -4.451084385943684829e+00
7.569653810271568695e+00 -1.514745270816468903e+01 -6.664057650492253515e+00 -5.737867946137138908e+00 7.561002543148072075e-01
1.470880802235170703e+00 1.015192494916302035e+00 2.112718881964252393e+00 -2.862925576609680056e-01 -2.900124213174341659e+00
-3.428898068838654112e+00 -1.527795485267056552e+00 8.208797476785230085e-01 -2.614711542807330424e+00 -3.867256309812577619e+00
1.627558866306739516e+00 8.939496059200859879e-01 -2.869959455595766373e-02 -4.952324332901751447e+00 -2.659893481419155048e+00
2.480998412350753135e+00 1.023127181508186156e+00 -1.992913783913422776e+00 -2.644705532973049333e+00 -2.380079889546217853e+00
1.759554450350626631e+00 2.919209987159370634e+00 -3.698598818339493555e-02 1.529622458144981989e+00 5.632789210564950189e-01
-4.130230558260748808e+00 -5.747757801226328622e-01 9.804562890254464591e-02 -1.037921970176160613e+00 3.147864503199110930e-01
-2.926754820386042510e+00 -3.020070164609307106e+00 2.574614760320746321e+00 -1.593656817711838869e+00 1.856292078490781705e+01
6.256761846842053831e-01 -9.792533744679634111e+00 1.267395156322868388e+01 1.433785776991373950e+01 3.635828492640047926e+00
-4.298202401883822965e+00 -1.194657013651464927e+00 9.704074328248432080e-01 -3.090423179390433095e+00 1.677155488762585467e+00
-3.423365134917108143e+00 -4.423457432128994338e-01 3.957499309887418937e-01 -2.192971874607481997e+00 -3.145686363346201109e+00
-6.710856941768904349e+00 6.655244898579897495e+01 -4.026894252297564591e+00 2.007572976735013448e+00 -1.632837991393096821e+00
2.906453091903564268e+00 1.127605211295547027e+00 -3.034000942089587483e-01 -1.006230341265570427e+00 6.585188863558415484e-01
-3.068058388758011290e+00 -3.538798790256236337e+00 2.953985725409316920e+00 4.123941463949375219e+01 -2.049742444453017232e+00
-3.403126507028139791e+00 -1.589307606416342722e+00 7.897064431989856415e-01 -2.505965327296547862e+00 -4.328273566712593556e+00
-4.349064196193832998e+00 -3.165971712622438483e-01 1.111093263823370147e+00 -1.115551807064714795e+00 2.566340918594800513e-02
1.625846328019991960e+00 2.563333620950788205e+00 -5.024760599314126441e-01 8.622841419733079604e+00 -7.178145001447566731e-02
-9.500116574775319123e-01 -7.360863362458394121e-01 -1.981849891231480809e-01 -1.334775065035544550e+00 -3.005562403026485363e+00
-2.292458249544588433e+00 -4.770594219868690367e+00 4.880678095697112973e+00 -7.745184562140852158e-01 -2.737425228624641882e+00
-6.222922672252938270e+00 3.415116398213755566e+00 -3.473462493985083555e+00 1.551468009160455797e+00 -2.438671654978902925e+00
2.620016631104477689e+00 1.158255113601746267e+00 -5.416248154991314401e-01 1.015898585475375482e-01 -2.199752617817062106e+00
2.875762781885295105e+00 2.526711418246268881e+00 -2.420609833325938487e-01 -2.674094298169114037e+00 1.717731266319198369e+00
-6.271246126582176394e+00 4.766176380660028578e+00 -3.592098633136448171e+00 1.619943476437289309e+00 -2.646233371109941501e+00
2.036541709136779232e+00 9.039025122864734474e-01 -1.464056629669280740e+00 -1.012575582403389962e+00 -3.178353726763736287e+00
2.154252641249832401e+00 1.195362405633360270e+00 -9.464309032640569441e+00 -1.905705862314042154e+00 -3.034615093722099033e+00
-6.254130610094790654e+00 5.630297599356014260e+00 -3.452986426545725074e+00 1.549296420637933824e+00 -1.986222694217918416e+00
1.010238056812762686e+00 8.363742916624326007e-01 6.330149537060003606e-01 1.746457884185546039e-01 -2.622241460512249489e+00
2.771676346017860837e+00 1.336929634375743969e+00 -3.110142894995232776e+00 -1.665571653734795987e+00 -1.554856769567182440e+00
-6.659548573932463356e+00 1.108894567232331063e+01 -4.012411601965402141e+00 2.020735149959465460e+00 -1.491758356911243810e+00
-1.995972158522819173e+00 -1.790647032697179064e-01 -1.630260688871587149e+00 -1.377703503340458324e+00 6.542945388291652176e-01
1.172965496979436972e+00 9.337503213658923107e-01 3.799303882638432883e-02 3.249331158332234848e-01 -3.616214598199866792e+00
1.867633036037070760e+00 1.476838639481425020e+00 -1.334668677277291549e+00 7.158257982450191292e-01 -8.036488003877245712e-02
2.381532897106999780e+00 2.235182352528917615e+00 2.756765478026796501e+00 -1.895401471220103495e+00 4.433871694853251944e-01
-4.158463536944558392e+00 4.498247863589155404e-01 -6.202316533104923479e-02 -2.032981684651361753e+00 9.276382147729022032e-01
3.388571345859653139e+00 2.123611254397648640e+00 -2.435291403755601713e+00 -7.222071837126387006e-01 1.757297582203057207e+00
7.960497760800554268e+00 -1.520923477811094315e+01 -6.650765702985976802e+00 -1.227223645046422007e+01 9.537380883415336186e-01
1.868160670186028049e+00 3.068597707248650774e+00 5.640014756460298706e-02 -3.206720230427503981e+00 8.303798959102848265e-01
3.079988353639826038e+00 1.811473752032682683e+00 1.855157936124690195e+03 -2.013721758064013212e+00 2.298272016934809425e+00
2.148702362999973303e+00 1.222206987919276067e+00 1.677924559876210031e+00 5.746293834456692173e-02 -1.669967725016664017e+00
-3.317015670396411320e+00 -1.464032053511404197e+00 8.922493719106214805e-01 -2.869037859531621493e+00 -5.978791337976193887e+00
9.736060480822434915e-01 5.854644768484424944e-01 -4.188368873869484865e+00 -1.165202813860878983e+00 -3.199247586131498622e+00
3.650784336515274120e+00 2.271202748748504252e+00 -1.416071577282627114e-01 -3.910284526948403450e+00 3.023695419758256175e+00
1.936245910489231559e+00 1.035104869385921278e+00 1.821094979264765712e+00 4.020182555252282963e-02 -3.090045945835357966e+00
-6.253019671779123101e+00 -8.266819964703865153e+00 -3.861672900479781845e+00 1.790039587926771425e+00 -3.761582694174990582e+00
2.027175174937529079e+00 3.010769130516919301e+00 2.061626590301866901e+00 3.071835340530020986e+01 9.940979219984060755e-01
-3.665002557361373814e+00 -2.202713602108453017e+00 1.274693850575708609e+00 -1.527631864068645706e+00 -4.524058878827843522e+00
-3.474405420580587212e+00 -3.240540325522742737e-01 3.689696088787305372e-01 -2.159023567742247796e+00 -3.120431019678830076e+00
-4.143196791172768734e+00 -2.097694115016838778e-01 4.061663599444786943e-02 -1.676439737031546695e+00 8.113205787637487454e-01
2.990343878337992312e+00 2.535301061896506170e+00 1.995638900652089598e+00 -2.392717771023039397e+00 2.525926324684943935e+00
2.279242237090133294e+00 9.923651934816901665e-01 -1.631875558323794051e+00 -3.326593015128471720e-01 -2.585463335823708686e+00
3.312118233378595011e+00 2.215084852334605614e+00 -2.822183264599761543e+00 -2.227617243405553893e+00 3.074730467073445439e+00
1.487211573170926782e+00 8.317051509029940171e-01 -3.803283265106147670e-01 6.861320136032952322e-01 -2.852976524458009422e+00
-3.617073221868002619e+00 -2.434104460565469363e+00 1.278928809677986056e+00 -1.500392796728159395e+00 -3.824939255253646753e+00
2.129105204602168122e+00 2.219508403357659976e+00 8.816219106706262298e-01 -2.307468190779065509e+00 7.597127484027258459e-01
-6.307920212262814630e+00 5.548345733270294566e+00 -3.521136775012665865e+00 1.590969478005792359e+00 -2.043723281808609737e+00
2.673509356138137782e+00 1.183482718023181501e+00 -6.305084821583462062e-01 -2.771952345576568000e+00 -2.381529123959146510e+00
