0.0122012889
-0.0010850567
0.0008676003
0.0003910682
0.0106089254
0.0110740879
0.0027775857                                                                                                  
-0.0053517841
-0.0056936915
-0.0058293826
0.0112992677
0.0118829571
0.0111206532
0.0084081704                                                                                                   
-0.0061417667
-0.0059679544
-0.0051364861
-0.0046527053
-0.0064309652
-0.0064916821
-0.0064275037                                                                                                 
-0.0054145031
-0.0041845786
-0.0066030364
-0.0057075621
-0.0050474225
-0.0013168349
-0.0082040635                                                                                                 
-0.0079475119
-0.0044908274
-0.0045038815
-0.0040745600
-0.0052410566
0.0054168610
0.0041199060
0.0055835495
-0.0050659809
-0.0060807516
-0.0071809483
-0.0034113208
-0.0078637029
-0.0076545317                                                                                                   
-0.0059347126
-0.0038491415
-0.0011278111
-0.0014381770
-0.0040658233
0.0071894842
-0.0007880773
0.0090713068
