0.0125541161
-0.0030575101
0.0003459600
-0.0012018529
0.0100114471
0.0117343010
0.0017344281                                                                                                   
-0.0040657561
-0.0045658781
-0.0047155440
0.0120161764
0.0123160948
0.0113875387
0.0043774062
-0.0146836804
-0.0137079886
-0.0104662880
-0.0093248373
-0.0139539286
-0.0140170627
-0.0134872615                                                                                                   
-0.0134088514
-0.0114248111
-0.0135155354
-0.0129176741
-0.0107560696
0.0011519857
-0.0099553063                                                                                                   
-0.0082923572
-0.0070684833
-0.0051323338
-0.0048731519
-0.0060625708
0.0017135877
-0.0017357111                                                                                                   
0.0029002788
-0.0002321719
-0.0019170397
-0.0016484897
0.0030649706
-0.0059544121
-0.0027357857                                                                                                   
-0.0004175772
-0.0030451015
-0.0012153036
0.0009784638
-0.0008613615
0.0026558295
-0.0058970985              
 0.0081984544 
