1.403722e-02
-1.145035e-03
1.340847e-03
-1.096964e-03
1.127510e-02
1.343047e-02
4.121135e-03                                                                                      
-1.698296e-06
-1.946580e-04
-4.095023e-04
1.334848e-02
1.320051e-02
1.268070e-02
4.693363e-03                                                                                     
-8.205059e-03
-7.303922e-03
-3.070656e-03
-2.411175e-03
-8.370461e-03
-8.552135e-03
-8.370781e-03                                                                                     
-8.455246e-03
-7.555168e-03
-8.245087e-03
-8.107402e-03
-7.326248e-03
5.003123e-04
-8.040432e-03                                                                                                   
-6.227644e-03
-6.070706e-03
-5.151017e-03
-4.609950e-03
-5.498261e-03
3.671761e-03
7.408585e-04                                                                                                   
4.256769e-03
9.465084e-04
-2.374996e-03
-1.969361e-03
3.153565e-03
-6.422503e-03
-2.692691e-03                                                                                                   
-8.332889e-04
-1.794540e-03
1.006376e-03
2.588998e-03
-2.654761e-04
4.237467e-03
-3.843693e-03               
9.466368e-03