8.874999880790710449e-01
8.125000000000000000e-01
8.750000000000000000e-01
8.999999761581420898e-01
8.374999761581420898e-01
7.375000119209289551e-01
8.999999761581420898e-01
8.625000119209289551e-01
8.125000000000000000e-01
8.625000119209289551e-01
9.125000238418579102e-01
8.125000000000000000e-01
9.499999880790710449e-01
8.625000119209289551e-01
9.250000119209289551e-01
8.874999880790710449e-01
8.000000119209289551e-01
8.249999880790710449e-01
8.874999880790710449e-01
9.375000000000000000e-01
8.874999880790710449e-01
8.999999761581420898e-01
9.750000238418579102e-01
8.125000000000000000e-01
8.750000000000000000e-01
8.874999880790710449e-01
8.999999761581420898e-01
8.874999880790710449e-01
9.250000119209289551e-01
8.625000119209289551e-01
8.374999761581420898e-01
8.374999761581420898e-01
9.125000238418579102e-01
8.999999761581420898e-01
8.374999761581420898e-01
8.374999761581420898e-01
8.874999880790710449e-01
8.125000000000000000e-01
7.250000238418579102e-01
7.624999880790710449e-01
8.125000000000000000e-01
8.874999880790710449e-01
7.500000000000000000e-01
8.374999761581420898e-01
7.875000238418579102e-01
7.250000238418579102e-01
6.499999761581420898e-01
7.375000119209289551e-01
8.125000000000000000e-01
8.125000000000000000e-01
8.374999761581420898e-01
9.125000238418579102e-01
8.625000119209289551e-01
7.250000238418579102e-01
8.249999880790710449e-01
8.374999761581420898e-01
8.000000119209289551e-01
8.750000000000000000e-01
8.000000119209289551e-01
7.875000238418579102e-01
8.374999761581420898e-01
7.749999761581420898e-01
8.374999761581420898e-01
7.250000238418579102e-01
7.375000119209289551e-01
7.500000000000000000e-01
7.875000238418579102e-01
7.124999761581420898e-01
8.249999880790710449e-01
7.500000000000000000e-01
7.500000000000000000e-01
8.125000000000000000e-01
7.749999761581420898e-01
8.249999880790710449e-01
7.375000119209289551e-01
6.999999880790710449e-01
6.875000000000000000e-01
7.624999880790710449e-01
8.249999880790710449e-01
8.374999761581420898e-01
7.875000238418579102e-01
8.500000238418579102e-01
7.749999761581420898e-01
7.500000000000000000e-01
8.374999761581420898e-01
6.750000119209289551e-01
7.749999761581420898e-01
6.750000119209289551e-01
6.999999880790710449e-01
6.499999761581420898e-01
8.000000119209289551e-01
6.999999880790710449e-01
8.625000119209289551e-01
6.999999880790710449e-01
8.000000119209289551e-01
6.875000000000000000e-01
6.999999880790710449e-01
7.624999880790710449e-01
7.124999761581420898e-01
7.250000238418579102e-01
