7.500000000000000000e-01
7.500000000000000000e-01
7.500000000000000000e-01
6.999999999999999556e-01
8.000000000000000444e-01
6.999999999999999556e-01
6.500000000000001332e-01
6.500000000000001332e-01
7.500000000000000000e-01
7.500000000000000000e-01
6.999999999999999556e-01
7.500000000000000000e-01
6.999999999999999556e-01
8.000000000000000444e-01
6.999999999999999556e-01
6.500000000000001332e-01
7.500000000000000000e-01
6.500000000000001332e-01
7.500000000000000000e-01
7.500000000000000000e-01
6.999999999999999556e-01
7.500000000000000000e-01
8.000000000000000444e-01
8.000000000000000444e-01
6.500000000000001332e-01
6.500000000000001332e-01
6.999999999999999556e-01
8.000000000000000444e-01
7.500000000000000000e-01
7.500000000000000000e-01
8.000000000000000444e-01
6.999999999999999556e-01
6.999999999999999556e-01
6.999999999999999556e-01
7.500000000000000000e-01
7.500000000000000000e-01
8.000000000000000444e-01
7.500000000000000000e-01
6.999999999999999556e-01
5.000000000000000000e-01
7.500000000000000000e-01
6.500000000000001332e-01
8.000000000000000444e-01
6.999999999999999556e-01
6.999999999999999556e-01
7.500000000000000000e-01
6.500000000000001332e-01
7.500000000000000000e-01
5.499999999999998224e-01
7.500000000000000000e-01
6.999999999999999556e-01
7.500000000000000000e-01
7.500000000000000000e-01
5.000000000000000000e-01
7.500000000000000000e-01
7.500000000000000000e-01
7.500000000000000000e-01
7.500000000000000000e-01
6.999999999999999556e-01
6.999999999999999556e-01
8.499999999999997558e-01
6.500000000000001332e-01
6.999999999999999556e-01
7.500000000000000000e-01
8.000000000000000444e-01
6.999999999999999556e-01
7.500000000000000000e-01
7.500000000000000000e-01
7.500000000000000000e-01
7.500000000000000000e-01
6.500000000000001332e-01
6.500000000000001332e-01
6.999999999999999556e-01
6.999999999999999556e-01
6.500000000000001332e-01
4.500000000000001221e-01
8.000000000000000444e-01
8.000000000000000444e-01
6.500000000000001332e-01
6.999999999999999556e-01
7.500000000000000000e-01
7.500000000000000000e-01
5.000000000000000000e-01
6.999999999999999556e-01
8.000000000000000444e-01
6.999999999999999556e-01
6.999999999999999556e-01
7.500000000000000000e-01
5.499999999999998224e-01
6.999999999999999556e-01
8.000000000000000444e-01
6.999999999999999556e-01
8.000000000000000444e-01
6.999999999999999556e-01
6.999999999999999556e-01
7.500000000000000000e-01
7.500000000000000000e-01
7.500000000000000000e-01
6.999999999999999556e-01
6.500000000000001332e-01
