"x1" "x2" "x3" "x4" "x5" "x6" "x7" "x8" "x9" "x10" "y"
"1" 0.00016461780916494 0.0196497726813762 0.129286668861387 0.182304255069344 0.119402570011839 0.22756764859327 0.153890434894983 0.230340896825751 0.441206621476892 0.434314028767376 0
"2" 0.000235196049071472 0.00031745596261504 0.45250253664206 0.711670321968862 0.736323393842575 0.881596076928004 0.759285120490853 0.0639962293679296 0.0379876800893379 0.0462370076545798 0
"3" 0.00036424798246082 0.000403404212241183 0.512287284938864 0.279623772317427 0.537415421036117 0.516958359289671 0.398157522285024 0.411638691036759 0.367739032237324 0.650053951260462 0
"4" 0.0032401974174905 0.0227854333005597 0.305443529312722 0.143343864930112 0.236435382881258 0.115196456431719 0.144604962556525 0.739222163705634 0.449422418411902 0.596570582396395 0
"5" 0.00462409738434111 0.00184962606551968 0.170821222124817 0.0896909778636272 0.258896216091442 0.095762832731895 0.243472472427444 0.555362821958866 0.624581715385901 0.597327005810186 0
"6" 0.00650827284122402 0.0201832235328039 0.346297362036396 0.664220587391424 0.824272184807058 0.821971138415031 0.929867405702028 0.566523299836156 0.489320102316044 0.456332361951728 0
"7" 0.00824874400387634 0.00998836626341134 0.633382922643742 0.538604884075395 0.948318613104773 0.862207589655001 0.923590370080674 0.736336288222052 0.924296158616596 0.724203601059925 0
"8" 0.00876409318491698 0.00275482135042467 0.128163070060698 0.261485418398843 0.643150897266733 0.591051417390102 0.707517214963393 0.0240415405771588 0.135320768473016 0.032422710857287 0
"9" 0.0111710807862173 0.097261507054142 0.182399388955459 0.0803508334628125 0.419951887708699 0.574233241600733 0.428669005075905 0.442780173560756 0.369500191297197 0.413971306486689 0
"10" 0.0129024350946533 0.0101701903728267 0.917637106096308 0.68547567754792 0.829749492334116 0.859648647257583 0.661577429157733 0.898226794533001 0.926141994533243 0.823036299478137 0
"11" 0.015607099096631 0.0632976720568286 0.970458171442184 0.945321109898031 0.731109322245816 0.488069835050856 0.748244398246549 0.912985011338147 0.842185063077233 0.924846662168308 0
"12" 0.015881298419278 0.0668231039249311 0.148375731199912 0.28457141510291 0.293917994742371 0.402614825423011 0.27767071067713 0.044219414987181 0.0948080853138216 0.115775435926871 0
"13" 0.0171092863826498 0.0880040653134753 0.569321157360797 0.631928018241743 0.281800710820577 0.320584674854594 0.492371061829117 0.976484739218798 0.998742946245205 0.995021009335664 0
"14" 0.021511518235902 0.0277960904579406 0.966732685966358 0.941653457588753 0.438154312525253 0.395319588165325 0.437168876265903 0.215950894549486 0.250744003857094 0.420378266805016 0
"15" 0.0216286286442869 0.0320639677810417 0.299720168067669 0.620140575836948 0.608379557984201 0.673920073157662 0.834832446496506 0.825864214816558 0.843366279893393 0.654188327495783 0
"16" 0.0216913200565893 0.0087166193939749 0.772027768381464 0.723254019542639 0.310095573831148 0.28108950629676 0.342448695202232 0.249125492019606 0.417218380782677 0.212661395963615 0
"17" 0.0231733538099046 0.0214135444338346 0.35735673318961 0.145500884379202 0.663652883537037 0.877058735634239 0.871691632239362 0.541387381927868 0.459621788982674 0.692484417428252 0
"18" 0.0238530817025341 0.00595660230288758 0.822178611217216 0.805988569536739 0.630112349008715 0.641141518732298 0.763062018400608 0.0478423619610199 0.0108772672333941 0.103513795511692 0
"19" 0.0240072177232314 0.0614353706701109 0.360632445630823 0.391395578152274 0.442761984690722 0.551315664643703 0.568743537045625 0.568743350863432 0.498454100371054 0.745386170685067 0
"20" 0.0263811761057838 0.0258305940400227 0.545089876556593 0.606087597523395 0.631828181057378 0.560001704945487 0.330928553551632 0.348984744274985 0.318000516572087 0.290184834135193 0
"21" 0.0291731597334805 0.00254707847226935 0.181421278574957 0.125980815092117 0.541754660074288 0.509405842490721 0.578607801854768 0.545056579065135 0.309365702618867 0.578754317348367 0
"22" 0.0300051634781691 0.0527801776007121 0.0975720203336807 0.305229085305643 0.553818675818827 0.453225088166925 0.472178448809749 0.785730445474079 0.732891981957922 0.841492990589095 0
"23" 0.0307504850253606 0.3190865831801 0.386315324862232 0.51292760168711 0.188787680625214 0.477163741183823 0.432641029721422 0.828930990078329 0.876883161096743 0.859743438428254 0
"24" 0.0331207631937323 0.0559647592809244 0.434659814039507 0.375275126739561 0.335735973289815 0.176743474939112 0.071534659578592 0.0456200228736152 0.119553779298877 0.0997290173810784 0
"25" 0.036331524107736 0.153075001542472 0.616776345319194 0.629957996921623 0.731609828060087 0.724114520806705 0.915839745648881 0.424690548973714 0.465269843065818 0.295473248256912 0
"26" 0.0394231667799653 0.0196892123525349 0.338465716064985 0.195507214653139 0.645993641602722 0.696115290909806 0.756983945396285 0.324995046073176 0.0964948086500566 0.370909528710147 0
"27" 0.0445525603668411 0.04869375784521 0.949968971011679 0.952939709690626 0.295244578799726 0.204088258978624 0.435010493732007 0.258818474673621 0.20378155463459 0.171456309111963 0
"28" 0.0453324795467532 0.0398777336327522 0.89016757649081 0.939592296354708 0.302217610835309 0.533938415414208 0.637986834434693 0.615464378817421 0.793128118398099 0.693362589884457 0
"29" 0.0476278751712063 0.106622460002248 0.420474788985873 0.31526950530252 0.176913179428145 0.142913447420799 0.132690276870406 0.871114138791669 0.917614690196531 0.871154418627897 0
"30" 0.0483661297477816 0.0663440973364128 0.913387629914873 0.918398994912916 0.0251350815980321 0.0297720435295938 0.0853871243632316 0.604068638828014 0.610745226180096 0.661737569189002 0
"31" 0.0557699023934068 0.128053412036982 0.669278967616167 0.504242299613276 0.932493952880832 0.763153416639907 0.779500237904483 0.426731810856236 0.302412651704794 0.224781447941433 0
"32" 0.05827517085783 0.034752210778586 0.19896853716947 0.329308564205471 0.651529015885888 0.763588203007162 0.833079858942953 0.716736215915203 0.668790752809372 0.581956654352201 0
"33" 0.0601128096878124 0.0600408853451728 0.839669413877186 0.693459933439376 0.522876987093911 0.53150205305308 0.520702962722334 0.319079042750974 0.603929355537791 0.583220972181863 0
"34" 0.0618166897644073 0.0749787951096594 0.438864967025485 0.183253773201478 0.926552046273858 0.920278651816048 0.747303796589673 0.956100034389182 0.851536978518178 0.959978425679321 0
"35" 0.0621187863952568 0.0438466026391123 0.137094549493362 0.206421183294911 0.815447160555097 0.645424576857475 0.429011378358121 0.295292539496558 0.280978897938112 0.219843627434435 0
"36" 0.0643666543595115 0.115790437253529 0.330486441160141 0.300749753839189 0.869297627749599 0.91333168807886 0.83284870151577 0.836321719987953 0.903756210836277 0.793997855752535 0
"37" 0.0646928111065772 0.0645973125335801 0.0800092632235331 0.0661093625482612 0.0723464214259213 0.0246103885704227 0.0153227644876379 0.280719542510018 0.233246152931081 0.151362653097571 0
"38" 0.0654751676113325 0.0534545042200076 0.659791705255424 0.670767114830956 0.180454880616672 0.337702696403635 0.213039373695025 0.200251384467488 0.203123007450325 0.140723541521903 0
"39" 0.0663213160793583 0.143662606943166 0.611176350479071 0.785642179849705 0.133735954735297 0.235663070028389 0.105397436001303 0.0108407878120965 0.0943839407598953 0.017531853914936 0
"40" 0.0674192684334353 0.115700534721004 0.668740700520173 0.571464952106495 0.73178462491085 0.595560507019447 0.696346391918049 0.896606577333544 0.822615017393974 0.59779848657109 0
"41" 0.0708538368753523 0.214380444480691 0.523144686371162 0.493398539445152 0.29173256303469 0.282609224419653 0.206028437772432 0.375041278948653 0.666561355439952 0.775489055963677 0
"42" 0.0732912862690116 0.165200534411333 0.0198622292497052 0.0359831770186295 0.690764156251242 0.734512853333706 0.638104881040961 0.984065152871102 0.973226352873031 0.985883225364311 0
"43" 0.075572011312364 0.181588973927691 0.0890790986848296 0.206293549728998 0.439619818729536 0.481031255214366 0.216263841120265 0.147982941752567 0.474675986577333 0.407079345046234 0
"44" 0.0759876708802132 0.0655996240611839 0.0167582556756428 0.0208492712306534 0.712392501323296 0.624773032295267 0.781871545656898 0.732852511484034 0.85356972676427 0.875126266471937 0
"45" 0.0762408744560348 0.154218556572735 0.422578948825731 0.84484420185206 0.753022610823105 0.672177013511862 0.803457016787608 0.474856416218179 0.708201952780199 0.660831821751478 0
"46" 0.077152682750414 0.0179444114110514 0.767679089739995 0.749314613969703 0.710341260820429 0.538746285576081 0.627971545547944 0.888009420287542 0.659832712900016 0.674730324376839 0
"47" 0.0786625300919707 0.317571378789189 0.637390324587236 0.617806692839824 0.770037518747432 0.501982601820111 0.638412601979636 0.969730415896088 0.972132263164413 0.876965375741879 0
"48" 0.0787924715840112 0.096082500264207 0.735235708483764 0.775990117276671 0.996284369033094 0.999511517021964 0.996271728383306 0.622608479591903 0.744999070166668 0.696481949480118 1
"49" 0.0800388656590851 0.0530801507939608 0.778810834730422 0.673644742101752 0.247796674479266 0.286690533755279 0.28291577102181 0.809449500438421 0.891618321832919 0.859483568960031 0
"50" 0.0814946402426837 0.0397037003412651 0.503828877100932 0.460890800485324 0.364372947921665 0.110387659434524 0.157165625362589 0.422129696567938 0.412332557818767 0.289928001433096 0
"51" 0.0819050478342679 0.0403641214032253 0.54953289301281 0.760487994535879 0.963607975782052 0.965520151311331 0.936715347695958 0.0908537331044017 0.11618034049021 0.060484870020694 0
"52" 0.0823642571280253 0.122107778281953 0.0973316391705194 0.0814617099979118 0.458166006659917 0.383227918937563 0.543320385833419 0.235155643686534 0.385837594119076 0.377192526281915 0
"53" 0.0900973439896637 0.0929835599559044 0.715546117380226 0.741466021380437 0.373265116388819 0.6183481675704 0.472403793767318 0.0342908907450184 0.0367215027286711 0.0332785464000172 0
"54" 0.0923038792679874 0.0556481132125156 0.996575484947812 0.992832191184863 0.879669013628363 0.948618888933471 0.91039498962105 0.0507949727513675 0.0531620926675817 0.0254282178106843 0
"55" 0.092982809232238 0.0462988184103621 0.998725195223493 0.990608752398794 0.0984389086974582 0.153609876969139 0.0908257269814295 0.791242751737003 0.603840063109588 0.817351469765162 1
"56" 0.0949347984458179 0.0852280548809883 0.438392069518487 0.599888494890294 0.296120788516503 0.622501999302057 0.422131254713662 0.673962560198683 0.511972866192187 0.458545599903523 0
"57" 0.0981976437393429 0.0416449830608837 0.418682492928383 0.441238145849713 0.356632177261351 0.416388963620549 0.254946168519936 0.543767130920147 0.792063039217629 0.766054618360099 0
"58" 0.0998024777118851 0.340631115624815 0.460846282478744 0.382493585652924 0.920862910335758 0.876758230230555 0.969439716227531 0.137183985122551 0.067157216622148 0.134701526023503 0
"59" 0.104477676722428 0.249510114365377 0.0661140352182019 0.103575961093491 0.84597665946607 0.813572664902454 0.808524787709749 0.470561015201403 0.521770871218063 0.682338792117119 0
"60" 0.106256403864705 0.163984027176449 0.01149674968326 0.0436085596967835 0.175495659202654 0.209082830956317 0.0279875730644982 0.0168158053933863 0.0725587931253834 0.0364502934778526 0
"61" 0.108459931735211 0.191988679226005 0.893163396283258 0.885026996205394 0.237830319221969 0.208421551396979 0.402875813484629 0.988619085138699 0.991466220028972 0.994493846096939 0
"62" 0.110093576805998 0.0777515249944659 0.885008230666763 0.759468371422586 0.982898193617918 0.961932233266853 0.987389914962877 0.835837924192416 0.793116474060994 0.839852034231724 0
"63" 0.118987428216992 0.0730951585292722 0.815051943643492 0.803427888646724 0.783988231066135 0.807951003327018 0.956041673086224 0.406055631980433 0.489115927977225 0.400698443644066 0
"64" 0.119327046691348 0.359046683285939 0.979290066431949 0.965078584641311 0.119754296417943 0.0578783093709339 0.0980647670072256 0.980761128334827 0.983423954711127 0.982468494048514 0
"65" 0.119793246767082 0.179852086170632 0.0102148056493244 0.0333100128800839 0.227396589726038 0.274234616950597 0.217799200493037 0.699595480116883 0.669528856841273 0.640949468240462 0
"66" 0.122170986653932 0.065249238262295 0.741002111015022 0.795057056866608 0.426912875368354 0.660867850580244 0.403080287573204 0.663670526189919 0.652500435257767 0.663479055143367 0
"67" 0.122857709439606 0.0851493993243716 0.955541390349786 0.893022599680629 0.0744004189300291 0.0706807201880251 0.0828647141508569 0.613965854423375 0.699335425138461 0.598118903698479 0
"68" 0.1263955185889 0.268064047441183 0.0232473533842319 0.00585949376653057 0.679382645007041 0.53437717988357 0.24170279394774 0.756308062290501 0.859273772857683 0.895648425247114 0
"69" 0.126453301040145 0.269820834740779 0.820665113428603 0.953765224503644 0.884484863187517 0.906696996927434 0.594866871167851 0.991202271858428 0.994802755845582 0.996700585170878 0
"70" 0.127533806636098 0.286038952467843 0.0857941451359125 0.179224615692486 0.867381097551845 0.972025246501837 0.921361572357269 0.419702398757129 0.458511952290024 0.366645881138873 0
"71" 0.131720120412626 0.158653999762965 0.852540513695278 0.865823933245942 0.164785364090611 0.182523393253792 0.226819324692551 0.507422457664737 0.519154146335449 0.58943598269083 1
"72" 0.138055815240298 0.0667128098029722 0.66622374206128 0.398072812964733 0.712109419410887 0.887814946433421 0.883779764563672 0.145705500268673 0.159930546704627 0.113630424421821 0
"73" 0.139289220326193 0.257730491479476 0.312853828022109 0.259242173847633 0.761621447686329 0.781402759676792 0.786164217296821 0.524715674373564 0.523997602623417 0.482346109090606 0
"74" 0.140258471626937 0.104973791501381 0.689625106817206 0.677959607657273 0.815059191121869 0.761139900443986 0.5366232380255 0.223787055609979 0.104446734957764 0.154190460416154 0
"75" 0.143484053518239 0.197676717832183 0.0106206651748685 0.0544558854781068 0.676721525124101 0.461476361713418 0.461338172971276 0.203976314709675 0.111399388261168 0.104717425841226 0
"76" 0.150086609430334 0.2327132531108 0.008329562801349 0.0141298414003977 0.50628480527957 0.671384907637012 0.758158902022773 0.103089257004449 0.134660022072069 0.157623679627383 0
"77" 0.153961522222716 0.260759778041083 0.673361909224249 0.583564960118675 0.883722582680716 0.957567897777705 0.965224035670261 0.749007712509651 0.906803171149768 0.82541984079875 0
"78" 0.154190022121317 0.100515683381116 0.417387142597527 0.363028603168236 0.213977007097643 0.201847763886677 0.240174401535721 0.17760165437228 0.219200306921535 0.474943935392987 0
"79" 0.154434416633828 0.186649765021476 0.724504768139185 0.781984140352074 0.517099660757015 0.80927390145579 0.6818947770688 0.354671023661382 0.22378846558621 0.129049021104295 0
"80" 0.154600543614275 0.297009914636578 0.558688472073319 0.365495015461739 0.600576986631917 0.552239002187795 0.406203217637932 0.98647569833473 0.932262387532963 0.991525428350069 0
"81" 0.156784681826501 0.0392547788534948 0.811033858360068 0.867020198498192 0.191994129186862 0.251963970075369 0.268296105977261 0.453346756106454 0.42880220872302 0.584862723832055 0
"82" 0.157330787690689 0.515101513434079 0.995349042058579 0.985978238800016 0.115032271261866 0.0910772651059863 0.0611159569475489 0.30487091622301 0.308244545987258 0.415318175552923 0
"83" 0.157565434641645 0.338109110333101 0.657147911378288 0.656802419654392 0.664900279444411 0.476256298207966 0.721246118398336 0.0172935797378522 0.0736583646895227 0.0938127452428607 0
"84" 0.160361245049829 0.11534165395121 0.198969965453579 0.101595783537165 0.142942793791517 0.456298171823748 0.0718820227782147 0.856989729349135 0.784388390627166 0.570749797336497 1
"85" 0.161591371693116 0.327169714964993 0.342974520479814 0.418965259635464 0.759117389481598 0.883838365746231 0.83175807402746 0.233471001832188 0.619286570103147 0.447684867184163 0
"86" 0.162842473649908 0.411129846086688 0.0370554211865674 0.0932422929079176 0.047441067774477 0.0244827192535259 0.116881766700315 0.602344092211696 0.663105700561519 0.500438925918061 0
"87" 0.163199840679424 0.232783717778468 0.956764713937371 0.872216084678583 0.324153855954602 0.451099553232247 0.51131364104333 0.744686090216978 0.885931622448759 0.84543949310381 0
"88" 0.164359063110787 0.467138908752173 0.574712481003363 0.617196529634143 0.790385335486675 0.73556371767855 0.813040989403961 0.221753831104657 0.284004187742524 0.328296166473495 1
"89" 0.166082398046731 0.159923535338406 0.033274229799449 0.0916310856886449 0.83823210825546 0.928103808866236 0.870388282410685 0.107139040530802 0.208716591783562 0.205368887376875 0
"90" 0.168320264010757 0.308235682835603 0.420025394690385 0.161353625837267 0.918240818072312 0.951450599335342 0.884548359791263 0.105959050931993 0.0410443275981716 0.155991317920405 0
"91" 0.168513542153118 0.149790472256574 0.325449245582486 0.224932322465723 0.0749290979029176 0.336671266500629 0.0727841149123943 0.193589911544601 0.100170326749931 0.154442752255945 0
"92" 0.170658563140855 0.0922350191468341 0.690224468873889 0.605679502645128 0.414659634820336 0.360510202408755 0.464698731727258 0.579992795891875 0.481220228330102 0.718736011531441 0
"93" 0.171087259526933 0.140867063757777 0.271597084629513 0.233975940038189 0.133955603920406 0.335480647076059 0.384993162566466 0.512110848274185 0.495270810225135 0.567018724162522 0
"94" 0.175167505779452 0.364394257190858 0.506667508677403 0.728849925719296 0.0616590605782208 0.17130661718329 0.22826662039627 0.716087969181756 0.904950624592575 0.739159116307804 0
"95" 0.178049157012805 0.259390738686329 0.763957239734596 0.672546194268553 0.269468849881298 0.312958503209506 0.727083671020436 0.987111117485864 0.993514342346324 0.996405877598519 0
"96" 0.178656856183996 0.259118530669894 0.855643472934838 0.905720789040322 0.513262918524309 0.371403737499689 0.559965887531743 0.967955827671829 0.917455700676681 0.947023773871141 0
"97" 0.181317297087582 0.129724455386995 0.20630918088326 0.137489718876734 0.0557549549587074 0.465605219765934 0.29610260442015 0.0153872047954384 0.0159472111889759 0.0657798247542375 0
"98" 0.183566197151472 0.163467845035618 0.766156410099485 0.424683174310643 0.264164640913328 0.163827542661129 0.289146080964167 0.0703203818186094 0.0771188299431685 0.190118093822633 0
"99" 0.183701293740554 0.108182023456946 0.771450757246051 0.889442545575643 0.101677038473365 0.118864674981626 0.336089737837898 0.199745814031202 0.431525035583267 0.298966753354549 0
"100" 0.189130812995473 0.641932544945012 0.30896482602631 0.513255003693585 0.409967775266734 0.286237041877717 0.143664578325386 0.38797912712246 0.251376635519001 0.362706187851057 0
"101" 0.189377969639735 0.173292315374485 0.666510259734829 0.768300387087715 0.92655015543773 0.984631846596637 0.747347951513337 0.704617000746244 0.605689371343671 0.433070149106384 0
"102" 0.191030935314404 0.337502774725263 0.0949621152474953 0.19963436394066 0.631313405701185 0.547068649779218 0.725187722579436 0.384871087857595 0.385207369979757 0.354503045761243 0
"103" 0.19287944926357 0.101593608497505 0.509590550544265 0.491582945597578 0.71959495235593 0.822340361084601 0.780838494646193 0.537324383480261 0.222992386512901 0.528420073618754 1
"104" 0.193196542959146 0.14002467511876 0.297243751480289 0.305866390609864 0.890463528657565 0.862208791039841 0.988257071121361 0.872858667223267 0.966868774698672 0.976159810420575 1
"105" 0.196371251570931 0.490380140668856 0.178834432254444 0.158696237098963 0.531519117527234 0.587159750137854 0.658250083414104 0.31023335648466 0.27956930776223 0.330698967324245 0
"106" 0.196636835801225 0.234034193429185 0.39095186877115 0.674450845920923 0.316444046452383 0.401247346068516 0.528998124133002 0.439107823739751 0.381625345611549 0.47236376687298 0
"107" 0.199023151663014 0.223410155905772 0.0713303099975461 0.0398585623462581 0.863163009663334 0.826488793326181 0.50641725368775 0.331412396703832 0.360233813063774 0.172263606579005 0
"108" 0.200871147850059 0.149475049599243 0.753566427455264 0.686865057124131 0.506988779268596 0.589166118070851 0.391546870592568 0.0883018543965869 0.149103912335777 0.182988434196565 0
"109" 0.204868686635444 0.0729596747345892 0.70642860975965 0.484806692565431 0.373310698697062 0.0865285541505808 0.161899925310365 0.964880018781498 0.935309336689574 0.937247523474127 0
"110" 0.206968329863481 0.108590751417904 0.704102866258214 0.389181527579264 0.238051770896584 0.261527542354598 0.313552360563201 0.478511956380793 0.396423210473478 0.177822530062376 0
"111" 0.208085140471057 0.339063613315195 0.769361991449232 0.634812489234662 0.171181041111294 0.201901361619024 0.126042072763287 0.986718597565033 0.967065262061989 0.986639973215737 0
"112" 0.208770578017539 0.366897973571757 0.509419540149242 0.176907502340651 0.041669879649114 0.123409191255074 0.24464460812177 0.0610615648065352 0.019371308747582 0.00910122939858727 0
"113" 0.21162870105489 0.0572588056555743 0.806885463411368 0.642688416521029 0.776912294818448 0.782146103249112 0.911748928181956 0.594908580524131 0.434936235637224 0.460153456549394 0
"114" 0.212405108458612 0.423686386780361 0.135022807162797 0.0836307051879919 0.333954125161464 0.133398638790988 0.159840963748964 0.634615467506139 0.790956677836953 0.742888232252199 0
"115" 0.212920458625128 0.474569023713161 0.911727375265342 0.890850318771318 0.845346145639383 0.82185698067093 0.852375697606202 0.105076023343285 0.315125969425447 0.0963889576748021 0
"116" 0.213315770649718 0.195029376921471 0.877145814991817 0.704693060242555 0.798632329495658 0.888595643259923 0.894899309240892 0.654167314183713 0.505504784467214 0.630344986824034 0
"117" 0.213940059809416 0.0899104918678875 0.246778595339677 0.245583221469565 0.230672846891828 0.156599884084024 0.137736088793677 0.53146136491853 0.212972603995405 0.528512506852883 0
"118" 0.215780974731194 0.303568801013864 0.493328773519966 0.207443907778179 0.164885602731228 0.266661616584538 0.523637162672944 0.0220034025648969 0.0204019078052605 0.0385322393086077 0
"119" 0.216575991138164 0.11738309638158 0.193269074005561 0.244707433874199 0.415615464891676 0.406143381987353 0.37518189506203 0.489596363890914 0.608593288824069 0.533329807597435 0
"120" 0.219519585835702 0.407135828815315 0.139139843061282 0.0785829714140711 0.607812680153489 0.705435129343803 0.784503764061887 0.375849864972576 0.341255404006483 0.410978219991094 0
"121" 0.220828100175737 0.453106375380587 0.865605717421179 0.794377659732897 0.696736557326936 0.775871989689537 0.737697241898999 0.343279600396031 0.34026324418339 0.387961868946215 1
"122" 0.22265329031636 0.22346549255365 0.43465836446706 0.601977003908211 0.766524432253194 0.622193502230822 0.715973997710902 0.441993180592739 0.365417792738026 0.260670321556905 0
"123" 0.223254092536741 0.179906673809356 0.107388065259462 0.0186007784386724 0.22344579714182 0.290605121550648 0.35427660838688 0.325787904918281 0.493280068269255 0.747212357619369 0
"124" 0.224204349359994 0.23524989842779 0.39171015480041 0.558296897360649 0.608513946511926 0.295861962810711 0.543245232353643 0.291745228534148 0.290263949189188 0.217133293462672 0
"125" 0.224702322659568 0.364898201079614 0.352270148590911 0.153299360156122 0.749826707608337 0.461214708932792 0.607210199559645 0.856927251485907 0.732448658116882 0.941219976057394 0
"126" 0.226652672907858 0.0682572530906459 0.338923964249892 0.318965613647895 0.684602003370053 0.761457156480667 0.760156736482342 0.617266360025937 0.44617702808891 0.422284863855299 0
"127" 0.229815405526302 0.219541201290934 0.283326261635637 0.293635384103873 0.225919023758989 0.105132607624311 0.0172438319283036 0.500670006140224 0.390524556042665 0.437574711415069 0
"128" 0.233222305848903 0.228815812124752 0.166903333644767 0.0243220008743828 0.955686012583434 0.929923928539652 0.916831219607403 0.144039257706174 0.145063151462014 0.183313400915844 0
"129" 0.236190994013136 0.292783308480495 0.771934397971189 0.51700302133504 0.396965938976915 0.498569697942885 0.466853842748068 0.11440287143972 0.104283033812836 0.160195414310924 0
"130" 0.236498914124726 0.326859873797854 0.201845238109824 0.125243633257802 0.993595977795982 0.921492565081476 0.976721864590526 0.338936001124503 0.278994561271594 0.159118954698384 0
"131" 0.23798639759908 0.260975728942592 0.323474137243336 0.545454506943102 0.116520822450693 0.284784185626435 0.108258869666474 0.883654313265635 0.856594016840048 0.829524580649794 0
"132" 0.240352954871647 0.151254651189474 0.414748982877457 0.648792736642405 0.0927897513300967 0.106636117909895 0.0819981107848133 0.277639491414034 0.169769241348972 0.286054034114834 0
"133" 0.241451109271063 0.184377148346466 0.644587005471059 0.50500109325987 0.682924816794843 0.613220426999225 0.50913239156086 0.783587841485073 0.83381190965941 0.741163980820855 0
"134" 0.242292189026358 0.242312623254351 0.410297284452877 0.392693529244365 0.611638040199744 0.495992049496978 0.810428260562688 0.854304235062387 0.929527276789247 0.956098225463011 1
"135" 0.243141165411279 0.752392795100702 0.0856845335875536 0.03855782857125 0.756534421567777 0.876009711108542 0.860930648278357 0.836397434628003 0.729421413668214 0.648023744421319 0
"136" 0.243640996184251 0.374610357460253 0.477485554132681 0.67175827097984 0.679694636629951 0.773842423585798 0.652058562994974 0.366429403688597 0.412663494084737 0.423332868412302 0
"137" 0.24369116680208 0.304018488543297 0.805761158306988 0.702202709239726 0.477971421028881 0.253593411930938 0.415536730045437 0.823651471707263 0.878554615157524 0.715999534110779 0
"138" 0.244428623542604 0.201075968044949 0.692245124101143 0.39339525758221 0.0527259251047199 0.0455414466296038 0.15730719009165 0.404557359863935 0.311793438594339 0.385399493332917 0
"139" 0.245023257082876 0.284508020331406 0.283605914855788 0.480208807040191 0.255093394820967 0.10274100264351 0.142313026555245 0.45840517859879 0.34205794797562 0.566413990350661 0
"140" 0.245422758297649 0.41456020839104 0.131236553035152 0.0271113427149608 0.449421162217249 0.637683593184566 0.467932832098319 0.827054710167184 0.85711189755642 0.878131929306424 0
"141" 0.247627964297268 0.46689034676408 0.34725743436355 0.261284017065683 0.643643278096274 0.698966853985937 0.820020796855744 0.525318442913565 0.595184723038884 0.607652465560084 0
"142" 0.24917143648698 0.134953108261062 0.596549901933743 0.614257308380305 0.679169415943106 0.71304498096955 0.490331852277759 0.0747339168778381 0.0783332193932726 0.0412854659867707 0
"143" 0.250294683330229 0.247082001033335 0.275918180980299 0.295140997325593 0.292398861016281 0.134808507046855 0.257038062891439 0.868184053922036 0.70930024229537 0.72878983969358 0
"144" 0.252730246455726 0.0806685942487065 0.170600156086913 0.164466935033851 0.878023154901395 0.881348170962992 0.944667613570465 0.091591518732603 0.109297262578053 0.151225689214225 0
"145" 0.253858227488218 0.20476845692465 0.713239023036378 0.864955789483208 0.28958311929492 0.508084438017836 0.437212559338448 0.378601669497299 0.443161945011939 0.56350147733016 0
"146" 0.254406527785133 0.339917619799343 0.302099814648609 0.179088577141025 0.311700402590956 0.300166528747514 0.0508515613014022 0.840624997148668 0.836842125732066 0.937596721029232 0
"147" 0.258945346394524 0.272358603642474 0.209106545760178 0.220648255068543 0.551276870131618 0.433495821240673 0.486503060511567 0.564521991880759 0.48442400933339 0.537335096691635 0
"148" 0.258962362027735 0.188375235455099 0.919691667587361 0.733056632453026 0.988165859245841 0.9977028451253 0.969130896115473 0.879168585264628 0.918357718956658 0.779396872557419 0
"149" 0.259139891820907 0.299306558918755 0.515300084160223 0.223484041082706 0.459966631270573 0.321157350847691 0.351378504661726 0.14490688260192 0.205313878935232 0.299229859876601 0
"150" 0.259172677544732 0.227100562462626 0.938807976267125 0.925742056442051 0.408361988895345 0.511414739306701 0.296252725164258 0.319577133071712 0.194163088013913 0.352383273841076 0
"151" 0.265718382561639 0.278944284598892 0.159086505137858 0.264022686788288 0.868617539777761 0.859132603514778 0.872500538466273 0.811002602441664 0.756122902671005 0.671429527455872 0
"152" 0.267489877536039 0.353940631750053 0.85297168797368 0.816481828871519 0.548319425677096 0.551083827571848 0.621258757052198 0.875885519391177 0.662776687142389 0.757440901388302 0
"153" 0.270954954527657 0.366441292096668 0.527362730304338 0.534411300792777 0.226477747558854 0.258132081095277 0.189184479932797 0.280076851828555 0.272413073141072 0.124053320272142 0
"154" 0.271328247707859 0.378823462962018 0.377542747553516 0.477321363540207 0.70053250168849 0.445643163848588 0.59055362308566 0.81689358352877 0.556474276653502 0.647183607048087 0
"155" 0.273483304108303 0.348790115153922 0.0853906509522722 0.0327487253800083 0.758200224832082 0.714424130857376 0.808389661797599 0.602999023454546 0.670786327997168 0.627666998330475 0
"156" 0.274321208308883 0.194485791198193 0.58404264375376 0.458722735503584 0.43287026881909 0.684181351272076 0.879028300241634 0.846977845347405 0.660118015983207 0.77141287673292 1
"157" 0.274405428835611 0.33570977177307 0.843034102229821 0.686168821351053 0.552245031860267 0.563647145864082 0.794158960182187 0.706571009954299 0.778297795944729 0.692944769859897 0
"158" 0.274903686261069 0.155787908657369 0.226022883951469 0.293891363790428 0.986030417226601 0.953783707835669 0.850884996609316 0.524395140884662 0.773001407822051 0.641756563217251 0
"159" 0.276106370737731 0.511020090803099 0.642711792300452 0.556767845525879 0.3588357152951 0.37325812489716 0.33544486317619 0.459343871144592 0.37293450878411 0.557807482607271 0
"160" 0.279085756896172 0.251514954570873 0.441882167418741 0.363572129840122 0.820003276097536 0.745313264490429 0.757409701202817 0.143633362457461 0.0541300665174185 0.0343233155398186 0
"161" 0.279668097985146 0.185310768513422 0.991939027227074 0.984732978713666 0.690250148085232 0.672274723265455 0.683693881293367 0.420942358949219 0.696957760253821 0.685003790060711 0
"162" 0.281460312106796 0.165876593818354 0.735360059020275 0.585178165851357 0.463939892988618 0.736393046277276 0.553537529236617 0.813734530816585 0.852922958071715 0.811803445437079 0
"163" 0.283781810012303 0.167438735268253 0.361207261467022 0.381784204421219 0.315775576322097 0.295189300648614 0.5402373179376 0.359725279884615 0.505822315636961 0.647976027611933 0
"164" 0.286144128214326 0.492683563899731 0.290834882450035 0.495746580977801 0.750162759395255 0.500639886186364 0.618586787941205 0.238655585624199 0.150070815710413 0.323410831299763 0
"165" 0.289267852974747 0.635995175623826 0.475259479363011 0.562069987326282 0.644528048833479 0.462927941200795 0.61429400913986 0.864574114934499 0.822807620908 0.903338359738774 0
"166" 0.289315139426659 0.323021363891127 0.19050083173039 0.059096076775156 0.519211912633625 0.663926819921479 0.65368484284186 0.560945365286716 0.514242207572386 0.641744050777176 0
"167" 0.289990149716812 0.541204786488291 0.963576565111319 0.976773709872618 0.641035122482308 0.52404799526026 0.368950245436075 0.316144578495323 0.310698481098079 0.142590248183385 1
"168" 0.291821596650276 0.543181664082428 0.829578908752689 0.700919458770129 0.935690276566115 0.918173112272515 0.796943449308114 0.500748473315881 0.382486871871921 0.205670029963018 0
"169" 0.299687672245932 0.27377867000437 0.963112412868088 0.923418260813627 0.265640275077584 0.116337183543761 0.193453400931929 0.402136172921544 0.502804816970021 0.510571914618733 1
"170" 0.300110905481452 0.273995592841187 0.0871559999666964 0.30589623980812 0.588535947663274 0.332705415045311 0.53311708821494 0.678507969358118 0.510455793350894 0.725351954554433 1
"171" 0.302391586891423 0.491479003584052 0.18543897374946 0.127127036120764 0.679417359266641 0.851513380766401 0.616229296912595 0.590197298601176 0.250317510625952 0.313223429926581 0
"172" 0.303278653584664 0.247985732131862 0.218110366211775 0.435562936882048 0.0674053589416971 0.125685922548005 0.113311044470856 0.349391196322063 0.356336618249556 0.245711259846887 0
"173" 0.304460683372382 0.559864251399536 0.18148865855357 0.149688997835023 0.0349897579365858 0.147520643950178 0.0342007206445057 0.857609137793406 0.826544779915222 0.912532825632813 0
"174" 0.304623268365477 0.36141951691809 0.97908632276157 0.994117261491604 0.490125829213035 0.511819777393313 0.677128118866334 0.437737317973557 0.301173291765279 0.414155603419052 0
"175" 0.306068566176724 0.312694667467094 0.2798613545304 0.318437605559702 0.721454373294404 0.571960194860643 0.811850256527843 0.239787179361581 0.528001549937118 0.424680406871143 1
"176" 0.306166295187848 0.360603719103656 0.0523030709000509 0.042877482041123 0.355786919604977 0.256138064079317 0.146524239293379 0.0679063230776275 0.238086384172157 0.203938812960719 0
"177" 0.307438765832033 0.290494906699832 0.0056737920027147 0.0478839414876711 0.209991670343703 0.162040264874319 0.410165688402717 0.967603997834601 0.922039919182672 0.821034057316326 0
"178" 0.307783330468758 0.131946274936783 0.455381758116941 0.178988994535396 0.647846852767187 0.542939810922649 0.540157552641595 0.0556350843321501 0.0173547933575621 0.0813994404018361 0
"179" 0.309450305662197 0.218682793168511 0.476836958637907 0.819071543537099 0.815332431430396 0.830554309220123 0.734755808966068 0.750010758876186 0.665287533088802 0.562077119070475 0
"180" 0.317324156912753 0.304191532135898 0.292788545976637 0.420346623561133 0.88115535002804 0.954301094524542 0.859098065957238 0.953183286252856 0.935067888076082 0.930517431509723 0
"181" 0.321985601868823 0.0634639981775022 0.0801247177615773 0.0585233649896615 0.74358694543812 0.718767571991905 0.718170155444843 0.734765412771622 0.604396053097508 0.86233353976214 0
"182" 0.322170177331527 0.299231513292371 0.536323152178207 0.657598853534985 0.935461784790525 0.971660851967924 0.833264786913852 0.650366417607889 0.524054333298913 0.53892202861036 0
"183" 0.323366920563758 0.290516064766137 0.628653997389094 0.614977556337999 0.196991864959041 0.238469776871686 0.0811063144912126 0.506524698381819 0.320128025899928 0.343454142698767 0
"184" 0.323410978055057 0.250418209645732 0.481737010102948 0.531491054007276 0.873577977650253 0.843679812838088 0.835950610894055 0.397706875905841 0.305907338793818 0.635694990327951 1
"185" 0.328422612134178 0.483538392446435 0.61328266262739 0.539910697829335 0.920267478737978 0.993695809377983 0.996419662680297 0.139269524510591 0.173167184227762 0.228120839710532 0
"186" 0.328905576668314 0.466318537688888 0.945511498314645 0.902708244758581 0.0661127043678094 0.0703156640029489 0.0751917768520372 0.789765262648495 0.893341308058658 0.857354104982948 0
"187" 0.334785630975277 0.403881194947572 0.298931212725632 0.495440703277011 0.423009201140769 0.599815058821254 0.460433000616155 0.418301123474144 0.502137249294916 0.642317579310271 1
"188" 0.335252695117212 0.628083376875445 0.369369304469983 0.436482286007941 0.992246679913589 0.998182568843674 0.976433753876942 0.251387445489726 0.12079418845301 0.177934426115905 0
"189" 0.337439431617606 0.210490296895824 0.390664481847822 0.380748655627908 0.57331613508676 0.48639273334589 0.406162711938155 0.659704372804443 0.621394397143086 0.544257222963622 0
"190" 0.34195039520941 0.59265851293801 0.599810245508319 0.648517733161095 0.430583274981441 0.474770759667821 0.505222243052666 0.627298272710938 0.591871865050679 0.720220205104676 1
"191" 0.342027320201248 0.305996285272761 0.358042455159898 0.500006469162544 0.343027202866472 0.310565749059485 0.31882148961866 0.226249802830183 0.189159961987995 0.249806039288992 0
"192" 0.344020573263333 0.416367160418658 0.818332823607673 0.903763488287859 0.635289630822827 0.67593937838891 0.671134051605098 0.636000705280071 0.590025454415795 0.723599816683778 0
"193" 0.350357754033629 0.290397520678414 0.307069978682446 0.204430418728968 0.568301003140779 0.744629444129445 0.508562793285676 0.594212102740741 0.765481196829499 0.722041468172974 0
"194" 0.350509478901076 0.175556889276718 0.664229029899722 0.426980037930205 0.924955958065082 0.940162665262736 0.962681192966265 0.60157847194711 0.796106929855023 0.447858110615949 0
"195" 0.351397359864966 0.540790624052077 0.526278727217102 0.388885857390505 0.13982087829656 0.242940397354609 0.122512717604572 0.911673170080678 0.909866875262465 0.838718019776233 0
"196" 0.352096550232677 0.311300469023868 0.418699062471868 0.387480593558728 0.313089041265091 0.568550080673198 0.619382589514575 0.336514438932124 0.479391401237032 0.379338350673352 1
"197" 0.359267980810105 0.421607930331017 0.853897280272296 0.928149374432863 0.680676872516506 0.668863314679816 0.665246367374289 0.610353253654799 0.579508122571447 0.380114845077054 1
"198" 0.360065141004522 0.145209040405261 0.565669293013839 0.583919085366635 0.258934747425683 0.0986243726264223 0.227603010379465 0.572124953091966 0.6528295194807 0.459392584836727 0
"199" 0.36057270345691 0.445325054824615 0.854826102174124 0.53140545485451 0.20414291897922 0.332464796047042 0.224932465228576 0.449895267104956 0.641859912622654 0.413285161593022 0
"200" 0.361994700305159 0.497295299022795 0.870658108196224 0.789170490448501 0.524813528533647 0.494379351778487 0.306782482614397 0.063820712205061 0.0779969019765917 0.134638958837652 0
"201" 0.362393747040287 0.546051991945001 0.216052910589436 0.457602606761038 0.733043409341586 0.688002613909155 0.85647074013612 0.913030964355425 0.960975372998381 0.894718168306556 0
"202" 0.363635178462592 0.250014231733755 0.594255507776185 0.594682313696165 0.488933762140454 0.359937711846413 0.238017104322724 0.845381758744437 0.986548187114504 0.975669201960356 0
"203" 0.366213676769945 0.648256041140561 0.661442881958824 0.544537373368832 0.453192491609174 0.475409670409482 0.512829262891925 0.657588194775215 0.637270584270112 0.462336842601319 0
"204" 0.367116334393204 0.303639926452244 0.229039423099114 0.272452064116747 0.593151958607004 0.143680036551777 0.201714555680193 0.975957015556479 0.949174606246359 0.897653212671055 0
"205" 0.368124273228143 0.357314842645999 0.767802342234441 0.697720452506925 0.0909158415865708 0.100519682189733 0.21446052207919 0.930499746227614 0.99119716712252 0.935493226132909 0
"206" 0.368433602242315 0.396569773589602 0.494776864688788 0.266038974590776 0.828790687396671 0.796780289606589 0.842121801222095 0.663068353493425 0.882243158597484 0.685425722339305 1
"207" 0.368643088854622 0.258756018185765 0.00543852493288495 0.000927323081495804 0.0405708067928475 0.013772644991592 0.0146783422841239 0.90055229494887 0.779764427549594 0.864619189430113 0
"208" 0.369199621181409 0.357766793780147 0.542425519996384 0.730252137252352 0.983266102105005 0.984032220379317 0.992079681617745 0.324755820997711 0.372819985993344 0.286804212283714 0
"209" 0.369505638042635 0.204771538769986 0.240680936031736 0.212806236465914 0.809365939269888 0.866434061674574 0.864880613896512 0.719121771948034 0.851641713458301 0.657606682669837 0
"210" 0.371398486039862 0.439061748704564 0.0192853919561915 0.00755536768993191 0.439634301095429 0.161160846902004 0.110960808947509 0.310253353204923 0.397220871735749 0.605955149669617 0
"211" 0.374855155670054 0.116328689630669 0.315937721044636 0.154100445957468 0.676742145591567 0.772303046444167 0.811556292983231 0.892051824974526 0.791402316174562 0.895440892296325 0
"212" 0.374976971459905 0.173851037804916 0.573374698052964 0.764790143628971 0.390587556156893 0.325927360112585 0.496046412521315 0.283493081816821 0.0497169238693749 0.0693436115297894 0
"213" 0.376223833024775 0.169310390935093 0.186215492280472 0.0702131950671259 0.861803282759909 0.827029758758492 0.930386262826499 0.3019165768089 0.0658370787849713 0.0738221901441289 0
"214" 0.376552331508728 0.246256779776139 0.988914851152219 0.977641327727746 0.377683797005254 0.337235982938567 0.478993588460401 0.0426759352366539 0.0241563662891473 0.126792025291143 0
"215" 0.377988501126299 0.500678684179252 0.4555837143313 0.177046721362203 0.444727382723199 0.524685311344381 0.531912078537534 0.722084214161021 0.873238780067181 0.88509716230947 1
"216" 0.378996545870838 0.546199625124534 0.162643193952314 0.0901312310081607 0.0793635533853172 0.268211949728208 0.161302752556449 0.17108464015968 0.319052831834222 0.123918046367126 0
"217" 0.385545645767354 0.648180698629178 0.130670582829541 0.248349668767352 0.583872109131077 0.761379516229427 0.749503885717713 0.0433904427123706 0.031883048611581 0.0176212225397248 0
"218" 0.385789549471479 0.456691796020119 0.648654097817434 0.534537108266951 0.227894320494207 0.269820913401484 0.439281000067093 0.0144966887247751 0.00853066621012324 0.0332830346521916 0
"219" 0.388770056661293 0.5429698190031 0.897171576394915 0.465540545189785 0.531631446638935 0.7551053190003 0.678081637912358 0.065181429893831 0.0179894415383698 0.0801322470893923 0
"220" 0.396608063088785 0.713854604202549 0.863623460406316 0.962938623037633 0.88668553223041 0.837447288434691 0.742985621588152 0.667118972557097 0.595487133718176 0.490237218432623 1
"221" 0.397596143250038 0.521816673483079 0.430490965456996 0.401570604429041 0.769377778407725 0.561756754533959 0.735957230411192 0.396256300772328 0.634074725162318 0.524833913186491 0
"222" 0.399398069732475 0.553732047279344 0.878558193090194 0.682870514866556 0.521240728501111 0.369801564275355 0.412386414729498 0.340080191728258 0.497813955284107 0.300000116665303 0
"223" 0.404326125519829 0.567949009287561 0.180942070617957 0.384023475285339 0.107967442856559 0.182187463976927 0.158255783727814 0.9802249037737 0.967034226251774 0.991610935466235 0
"224" 0.40521655961803 0.205831000810666 0.82715537600715 0.46426214699148 0.344255650132232 0.180585433997007 0.245375689019714 0.740156460081665 0.619942811998601 0.505711765157769 1
"225" 0.405612695339033 0.237414241104532 0.450085706200694 0.52320146336724 0.147265662059334 0.182969229825965 0.213117551817676 0.00955758483845235 0.0129629352824918 0.0360586765391916 0
"226" 0.407923550363945 0.568679253454964 0.956021265182893 0.830521527556643 0.190252909953515 0.506137543076452 0.569949027571726 0.240181342549703 0.204130558731607 0.309217816192561 0
"227" 0.409515186684742 0.48951920722855 0.512236875197893 0.510068438597166 0.814763322859847 0.941008586466588 0.893034952353296 0.116022807212372 0.283099124569763 0.408098151234343 0
"228" 0.412604177639376 0.29393532010706 0.672263059550558 0.695234502702938 0.789217553821253 0.895167642796543 0.868066864883128 0.436037131932297 0.59923249691966 0.607577153351763 0
"229" 0.413144782816924 0.315715651135404 0.254485405735936 0.352842664869454 0.646224151858768 0.652403090747323 0.356713789305106 0.121450996956955 0.0637449197465058 0.197566231191729 0
"230" 0.416837510540368 0.457985509418689 0.616908187219874 0.537927132098315 0.737643057272005 0.656929962360313 0.607975981810226 0.119927393983798 0.250203245372552 0.190437114151793 0
"231" 0.420596016196042 0.328739482518541 0.290924802845399 0.326097139574133 0.831308858199871 0.770983565278798 0.755970208097116 0.683043680639552 0.811836932175562 0.744471497608285 0
"232" 0.422412338003396 0.38541946791777 0.585028825104888 0.520955133490946 0.454909711639461 0.789372494783495 0.796199988421429 0.281592127575586 0.121928543514431 0.0937286025791102 0
"233" 0.422445450476312 0.21737268264922 0.885502606599173 0.840173358383728 0.363697039450179 0.626876444638924 0.773440347674633 0.535156619664548 0.709132606267224 0.719811014820831 1
"234" 0.427244808909423 0.262154943790207 0.453434134181071 0.281058538922062 0.30804238962886 0.330289775799202 0.0729334274067559 0.601507814346287 0.454775472146227 0.283424807769633 0
"235" 0.429534520832454 0.565428227640578 0.0141268226728289 0.0480055836253999 0.819905483591505 0.677339922801879 0.865315018228667 0.191163338692036 0.0579544236478185 0.143497978796139 0
"236" 0.429879120203909 0.264418554726279 0.783126617910592 0.924058168786406 0.888855160783286 0.835596621569097 0.898742926361551 0.675783812773911 0.446092102768031 0.614352935365859 0
"237" 0.431646641422128 0.242779344847839 0.314353001416519 0.0892468422374496 0.920535130748177 0.958872180524558 0.977274410986657 0.54473226970216 0.348953870379535 0.461002104223347 0
"238" 0.43360873149819 0.240545874802569 0.244342864994778 0.331397507948053 0.409977908625888 0.419787984066223 0.487875531409121 0.25157655272157 0.512733688217907 0.13962302172283 0
"239" 0.435541187960667 0.377945430136809 0.681840290676227 0.368801383603359 0.559440858121985 0.47597134595272 0.580954540032441 0.658774600853433 0.338976991478177 0.372645249202726 1
"240" 0.437581699817638 0.266183238271047 0.0418210091676285 0.0382803046071288 0.734848699608113 0.677268097167238 0.347215021081835 0.890131531592372 0.861220448775634 0.891996059348409 0
"241" 0.438318268147638 0.399907506502946 0.755289238669068 0.768831364316149 0.0776909237662626 0.0255479022413386 0.0517511997196068 0.724224932744018 0.716013338154868 0.538671689861936 0
"242" 0.438541254493771 0.444196088116823 0.453788137555478 0.650037750756194 0.890967964140309 0.844972959775264 0.928526424782683 0.0203734341719934 0.0147623778381174 0.0558954796109302 0
"243" 0.444096709673915 0.247078468526136 0.560231026163475 0.579533337459217 0.765655870511227 0.687990724286281 0.864839260959595 0.898916711642831 0.939003565403688 0.922942597598546 1
"244" 0.448825406075188 0.669978276958935 0.585154208649148 0.415143940038492 0.954431332296614 0.90007932888647 0.799087804452892 0.131562636062454 0.202606611601177 0.0437906539950797 0
"245" 0.449876968073709 0.425020548270243 0.968102528364149 0.940059567211157 0.258654652001805 0.463246501935812 0.441916551826778 0.0535205301116358 0.0505323487782654 0.0189662242336875 0
"246" 0.450210929616189 0.394283447108265 0.142608515312045 0.220110155272913 0.642907469979005 0.473001749408375 0.514791059043549 0.780007621552442 0.818502054040686 0.877944359597402 0
"247" 0.450464353539684 0.191668101907682 0.897454359796787 0.936632658329341 0.425241022851488 0.437441529006917 0.589443132042967 0.636773061532488 0.490380826498491 0.591788610113281 0
"248" 0.450677745874636 0.264346722523555 0.840827149255337 0.658575898641803 0.438239911638441 0.3095939212397 0.379207577924967 0.00923843812430756 0.101025777577677 0.0679282041784589 0
"249" 0.450779934517194 0.427476306762341 0.209891632507054 0.255640811307737 0.357953076976246 0.582303544012208 0.353532105521551 0.555553217468309 0.565725313741783 0.553526237004941 0
"250" 0.452302519686252 0.330690139350043 0.332374335483063 0.32316925496521 0.0907587165632712 0.0826639607690404 0.237740713819295 0.232000748749894 0.21071217688316 0.106877813557281 1
"251" 0.452792328656211 0.143851622661517 0.262429513695412 0.161860123845082 0.892326626552865 0.828092883818184 0.882832750869676 0.391637989705001 0.320849886035144 0.314990396639261 1
"252" 0.453450265973237 0.492102872090344 0.456486025988034 0.317815084901793 0.586078213078565 0.649123281794339 0.531745263687917 0.356212228236563 0.11388289145942 0.0811416625988794 1
"253" 0.456882576908525 0.501437401843554 0.56843133410659 0.750230607989192 0.511613753321022 0.46733042601979 0.330853115282492 0.578228442887275 0.368389144898051 0.7140968971065 1
"254" 0.457712731799259 0.303701338195951 0.683786200297992 0.769440547742095 0.0569366691970502 0.0409628121299063 0.0703023052765174 0.0528180722260793 0.0633631611162575 0.0556414186240449 1
"255" 0.458662844169043 0.474275288941427 0.00202265320268843 0.000414940640566554 0.206782336751962 0.209098809071862 0.361999222275621 0.489477388020796 0.524981097007455 0.67006164459733 0
"256" 0.459677741540393 0.359635358710765 0.470689783947187 0.670713325322121 0.16846592446327 0.151215252808882 0.0964510928597199 0.90409560523468 0.924628612076423 0.86746484185753 0
"257" 0.461265796618642 0.566260614521629 0.962567383003848 0.980194840001626 0.80215337731591 0.912099663303374 0.791873772579241 0.215620748633954 0.28647464538959 0.215157128345021 0
"258" 0.464511911068095 0.26773904938573 0.501341623792602 0.601609636117096 0.486505696142562 0.579953315524741 0.639175230919328 0.639851314001583 0.535001774846757 0.58861610572602 1
"259" 0.469055863853444 0.450412293347936 0.584429248154579 0.452738386238182 0.529172028777229 0.422866786215943 0.495199359757727 0.397248142811943 0.230038424930521 0.25364328230444 0
"260" 0.471626779573001 0.727140806024638 0.594511936200229 0.748000927797658 0.918788480538152 0.740492744574968 0.779094006514815 0.29130273557339 0.466602861506581 0.188597150162774 0
"261" 0.472602610053199 0.750139554546801 0.627353842530418 0.720013949387115 0.746730104148874 0.873674359732936 0.701604614204611 0.0524835337684014 0.0208616708716235 0.029666500628534 0
"262" 0.477078180697122 0.52762366252387 0.30878093625853 0.290381531125051 0.229765570248249 0.325526469024913 0.469547843568199 0.693474456352086 0.60674356885948 0.666573161982337 0
"263" 0.478553013181083 0.657978140886697 0.575132756817867 0.47065743688476 0.750814628086825 0.648392226909471 0.763959568612901 0.180615104880161 0.0497769744426439 0.118387640158833 0
"264" 0.479313614098255 0.427783346714525 0.267571546749903 0.489176921454397 0.616561039402407 0.765258192078521 0.695820068408778 0.219973422803354 0.136510279617624 0.151944513386865 0
"265" 0.483735340033333 0.391259228467048 0.64941867331391 0.488874586118709 0.328607471567344 0.364811603265605 0.282624034071891 0.148900822924235 0.313731251163194 0.516530959801379 0
"266" 0.484205320382752 0.477317417911923 0.766752154407196 0.712260824877081 0.959444479684675 0.971224338876541 0.932799703285305 0.899366956404664 0.930013390582919 0.860712544484211 0
"267" 0.485060202101116 0.541930557188412 0.649765230482561 0.60375792530075 0.45280797593692 0.650491818129308 0.4252534372664 0.930397870047722 0.980838069713696 0.950567254666813 0
"268" 0.488206443459607 0.247790890297881 0.42724308374408 0.43940802852362 0.160903432442118 0.352519287869252 0.338335594797226 0.576200278123958 0.712671626260042 0.620532666881849 0
"269" 0.489953359495207 0.389663060624505 0.111672634493838 0.0914041086861887 0.313304586117344 0.460084441074969 0.277955288357778 0.364818087481274 0.177509077601185 0.296106188018407 0
"270" 0.49058820847923 0.63538164010553 0.489857163280728 0.482525038991617 0.338560834893167 0.623706042806672 0.372599645322076 0.52426266040769 0.583963320778597 0.746400162723903 0
"271" 0.493858249267001 0.524187782881441 0.835903752707558 0.797820272627073 0.376109546553077 0.562619807526416 0.465906531855858 0.591691887707738 0.376004764586298 0.49240658160825 1
"272" 0.494623920598564 0.287383719418711 0.357895849138136 0.31894145040885 0.0107851499439722 0.0162352260412019 0.0144617550258946 0.428724340771743 0.445379236540322 0.65231271435416 0
"273" 0.496410102405862 0.522269670077167 0.181677157969687 0.594741754025617 0.285103489711405 0.176819488628751 0.0517100694807381 0.22577640950852 0.279903550136043 0.305548704990186 0
"274" 0.503065657482839 0.25144233065217 0.49022655862374 0.52505364201608 0.935444504015891 0.698551361900171 0.753688571263537 0.54386688834866 0.753007021123254 0.678526770494733 1
"275" 0.506055579813428 0.257369797801282 0.478217450749179 0.532695072150388 0.546893486544556 0.537830133242698 0.661463859780833 0.0531249241067445 0.0235744504628427 0.0144791924536652 0
"276" 0.508148694184225 0.254527380269556 0.960452009412703 0.882761096799413 0.198138869110042 0.0313399149610619 0.115119394594764 0.230060934389205 0.218043478081669 0.185250162126998 0
"277" 0.508577741781094 0.277787022666659 0.0584260210935767 0.0466390608441748 0.600284494342621 0.73582027259422 0.693403933017988 0.727826998408206 0.788831900435791 0.673408672903244 0
"278" 0.511816461370362 0.27986048363025 0.962302790934826 0.961246684088757 0.525447535171951 0.557357787145353 0.434267584805237 0.481415487903512 0.525523649319966 0.399371219380997 0
"279" 0.512924817063657 0.412549505539589 0.165148568953041 0.273749720975996 0.0789447813324413 0.291586017589342 0.0993493395923179 0.204298616711403 0.391596479997252 0.280358952144074 0
"280" 0.513641374024833 0.386960095086461 0.416477679697156 0.712671760743671 0.221479649564971 0.402198622693003 0.380168566712986 0.521463237274005 0.438465576621664 0.456690649056584 0
"281" 0.518183798243978 0.392941807216276 0.628910370582661 0.320928663568988 0.590093531054962 0.162447366713163 0.413826152930277 0.875220735664013 0.810329445187471 0.814261696566133 0
"282" 0.520004349242237 0.557713843939388 0.488339804653267 0.419244909576528 0.158896841195124 0.295873461162493 0.261672677599713 0.671615422000685 0.468095667590755 0.28759459498285 0
"283" 0.524013263772422 0.53593981264864 0.2049448508279 0.287223184053653 0.00722518270688748 0.00448516533695211 0.00627769333242105 0.6848696251372 0.610013720071742 0.581357821643055 0
"284" 0.52407452858635 0.640679820697821 0.355578531315297 0.47382476457735 0.291986931866167 0.127632811518693 0.247946263779673 0.268065580585367 0.222749542313611 0.242596729611171 0
"285" 0.526055107072826 0.455501206728271 0.744503563938425 0.664210077812039 0.223861855350885 0.319918933784795 0.264769085313106 0.460962438592078 0.425305652368454 0.388536780767607 0
"286" 0.526374006080651 0.520045215123972 0.511002013885646 0.353305843335731 0.14160288601714 0.367465909310263 0.149535889272029 0.117334922250844 0.115303055588849 0.082378073891314 0
"287" 0.529475477034393 0.476132363468538 0.430786801645387 0.521832548021425 0.822274188796341 0.752728739107439 0.844381687633327 0.845338054164635 0.668070827169485 0.608098117104374 1
"288" 0.530600562486576 0.467622318098828 0.239835402639511 0.247559842317456 0.867590761854043 0.588420666356046 0.661465835441851 0.33323763434265 0.507000167220445 0.465833042776899 0
"289" 0.532399792800036 0.353269672595985 0.725795414357402 0.844815998287988 0.849742675307238 0.494549892923818 0.709975598937882 0.613570924554406 0.539200643279619 0.386730222049283 1
"290" 0.537000124294766 0.582224951550976 0.240891426529299 0.230869697282188 0.260950612951505 0.279023958549508 0.391776244416955 0.00721859382638688 0.00942756006225509 0.0428617254478813 0
"291" 0.5405443109615 0.466047598592518 0.447769462284784 0.457385978499354 0.663180113453966 0.865675891766054 0.75400294668335 0.244991477927274 0.330119386997131 0.0618415516926414 0
"292" 0.544741494137928 0.681827873315687 0.245336075923746 0.201720377692093 0.00515889630648959 0.000693219900478638 9.1646390295845e-05 0.107420713263867 0.0811788348973073 0.230914128715526 0
"293" 0.544939402970561 0.742854224293557 0.583172022745513 0.614798094183819 0.966103075156516 0.941794657184127 0.951074755020575 0.473984758389717 0.565902345328219 0.490803913503732 0
"294" 0.546602250171982 0.447504054711137 0.898815471305862 0.904551553383216 0.014870874776753 0.0364554385555602 0.0207398016425552 0.394662071500703 0.52147633634537 0.271381048059077 0
"295" 0.546930948293055 0.367276924105388 0.371042253009768 0.379249887181439 0.84320670599079 0.749381004039945 0.653647527141723 0.209683906093907 0.331290035915142 0.252856680919776 0
"296" 0.54785610321105 0.752223093837267 0.576434103991153 0.463054450139086 0.115574204158948 0.0799894274732806 0.26398641885864 0.703947214065901 0.62437351010398 0.317738187015182 0
"297" 0.550101091061999 0.527119726128345 0.0905370001723655 0.223667277176238 0.384171320146492 0.351892729813394 0.504829210891661 0.483110281748392 0.351394899217057 0.31557187862009 0
"298" 0.551303029490518 0.436773463794055 0.33180026314624 0.313544818771575 0.181397358313721 0.180190560210042 0.0589215584641402 0.757961473429305 0.477715003363589 0.676268268791212 0
"299" 0.552374229552385 0.519582272026221 0.30526714280208 0.134470211813445 0.693103055604281 0.741929681241528 0.582796139216244 0.504820554982139 0.552231201943184 0.206880295885709 0
"300" 0.555491088316061 0.617835036615542 0.378388616400916 0.41193014813831 0.196625549788971 0.280955917148348 0.265884081832545 0.506753899414035 0.388819766135334 0.560555714415977 0
"301" 0.558682084999139 0.601553091845477 0.178102437960472 0.222428920202711 0.60336285190081 0.821505183846959 0.564793401293595 0.626520768097376 0.681548165749176 0.520656917789911 0
"302" 0.56390406081622 0.492642007157183 0.732806172583347 0.524473759674769 0.554498031362437 0.633785594245153 0.53290609069409 0.0122997431619429 0.00904383732541397 0.00249467235719274 0
"303" 0.566842756859621 0.332931483153751 0.831805433698109 0.820329573363908 0.42702834764264 0.0754687667827423 0.336373837280224 0.511956235716515 0.477761441911927 0.416634413771253 1
"304" 0.567015923676082 0.692067768237542 0.296540711613791 0.240764433840964 0.724146179098924 0.671594478707244 0.739557155626492 0.419954704365911 0.66809899107853 0.540135822513391 0
"305" 0.568446806757764 0.625300970079154 0.983449008153959 0.949155159492844 0.00860654323560219 0.069284387022781 0.0620345173729309 0.795355468069032 0.773865982406601 0.599288089719246 0
"306" 0.569912758010208 0.814444406407796 0.0637407624050657 0.0553146019902792 0.395851740258589 0.213924386744211 0.161095661128356 0.611693048008741 0.518481686851116 0.704122974479137 0
"307" 0.570447267768542 0.635777023032251 0.803679157452184 0.96253737125381 0.653026768867713 0.829735437743382 0.71277488786754 0.249775474424365 0.0975364957495152 0.256520497143769 0
"308" 0.572431654156749 0.791717495883327 0.457855590109836 0.459167797793024 0.73029060864232 0.576237648730407 0.688780390565501 0.993190397417301 0.995100719092724 0.983466652967577 0
"309" 0.572471970905892 0.696586193529578 0.900163020613453 0.979655085932956 0.681946219999764 0.712212545067443 0.678603606307797 0.368510800036028 0.128781362791849 0.229164646341966 0
"310" 0.573056351637202 0.439778851981491 0.728029156178291 0.761885916181816 0.330031097643406 0.37970659966016 0.371339335084402 0.58835069685239 0.814850868643261 0.76902921038594 0
"311" 0.574948488604011 0.772202789968875 0.43303723088371 0.397801286235517 0.729841469400956 0.826511784018109 0.675587159706635 0.697781543847847 0.589211428582789 0.656900978395147 1
"312" 0.575602452415198 0.540994584837956 0.739605713307622 0.87332128608315 0.322476910798959 0.35052734475318 0.345360885372121 0.0982783784578975 0.0933647253945369 0.248172817096767 0
"313" 0.582896144512821 0.706481583168735 0.837422419564708 0.990239479934073 0.567655771341128 0.89890727331965 0.622199816688609 0.267598570387108 0.245848552128756 0.245517559802148 0
"314" 0.586047730302265 0.522283043630792 0.332066175931094 0.26763139690103 0.394511328155681 0.631136022351498 0.756904435834506 0.392815168550613 0.345792425065355 0.15302279878349 1
"315" 0.586868409461139 0.765086913830917 0.8008415512819 0.806114176769238 0.349405834185083 0.226773611975609 0.383770998627883 0.750828540857977 0.869987707327842 0.775973696014062 0
"316" 0.587015287568072 0.70769639386782 0.400072816405522 0.354779504330693 0.142666990706479 0.226182098070243 0.254798513546982 0.53588466123524 0.607081148531524 0.756493631886277 0
"317" 0.589522731905059 0.734529259575103 0.834784929559165 0.638411750463909 0.585147537950597 0.636589202185337 0.461148361221386 0.566262881343827 0.69501708844372 0.628611561022087 1
"318" 0.595649230832653 0.607030556909912 0.887415262894865 0.83469956312664 0.357203959842875 0.335547821955001 0.368374538543045 0.85951153536642 0.822717947974693 0.911675192635477 1
"319" 0.595891842615042 0.688750833256454 0.036030304467678 0.226224451850563 0.994161893185317 0.982902704971939 0.987615131759049 0.0197233181778023 0.0889083129813904 0.0213783589461329 1
"320" 0.597875329661992 0.686121168888616 0.326645274984649 0.311010025053057 0.680666431619682 0.498918970600634 0.783595682254654 0.471856186325722 0.473701711687989 0.700827972205607 1
"321" 0.598097107141751 0.625695775868734 0.890905203434898 0.924548820788134 0.226787447354309 0.0864484122986785 0.119546960894856 0.751380053206733 0.709343133058356 0.859093396600282 0
"322" 0.59965928928195 0.548181123283429 0.906115281023191 0.939453321762443 0.462277882081522 0.394681234479838 0.271787375335544 0.221104822706088 0.537016462747445 0.288940779507315 1
"323" 0.606712762452162 0.849256681682779 0.846452503838779 0.943415572064714 0.395282645391041 0.802908545086333 0.809525632291676 0.783579160393949 0.801072057055705 0.66105223081737 1
"324" 0.607964903922436 0.362902842010291 0.754073452102791 0.645180445932206 0.0679838448641759 0.0596372956064448 0.019838947205781 0.358741713060712 0.220201409564373 0.0929483845816375 0
"325" 0.61345874338823 0.844243593785161 0.491552305020913 0.482290274167881 0.873065146427788 0.782883684989792 0.793983182903332 0.116114186314444 0.249037435994066 0.200158060659543 0
"326" 0.615486952436745 0.613391787699236 0.709759017306436 0.515546591970659 0.618089004507853 0.817618165311192 0.48261225210937 0.0879482845892788 0.139822333996113 0.0923816460151469 0
"327" 0.622101627508552 0.27043311814426 0.889859304199534 0.843361443514635 0.101777777472484 0.146506501307866 0.155344966088899 0.280560443650192 0.345110834137551 0.20036548808796 1
"328" 0.626153968282135 0.777184781999566 0.434736560101711 0.293963820490096 0.334037588655888 0.380051400180661 0.542049775309865 0.547802352914163 0.533673484176996 0.647991794448266 0
"329" 0.62654233652019 0.805337757568759 0.665491117357088 0.57781671026486 0.76710281508317 0.88648548405261 0.697234668658493 0.908562011498509 0.971827688412056 0.860883963477232 1
"330" 0.62823155379735 0.811486202021712 0.342337996118108 0.375028874323543 0.761646505972876 0.603320469970351 0.451046904478778 0.128562010150777 0.114524957368703 0.0733503332898836 0
"331" 0.629994121454271 0.436543145224577 0.966957354050024 0.981758702882661 0.532877744702574 0.474080951410064 0.444969944434008 0.123930862091599 0.0282535979571644 0.0521453691899721 0
"332" 0.631039848425275 0.914282238418763 0.310369122452132 0.218709669184997 0.128362731232204 0.195043781945363 0.125901797671706 0.19095950371338 0.119724543890892 0.227458676320744 0
"333" 0.63508227105711 0.348556884819507 0.971790031299427 0.939434541777825 0.423961611809814 0.455828783617799 0.376624110843622 0.526540407339581 0.53144815240475 0.403732152094782 0
"334" 0.640043480271451 0.851100673614542 0.693094283179361 0.644382383556769 0.597718787818799 0.421984307193347 0.61150746213269 0.456523080222812 0.439644829446443 0.313469531852164 0
"335" 0.640570823367978 0.593973476378356 0.419113823371872 0.643983517537801 0.361808229611742 0.248976355060113 0.371945339665317 0.68988721244599 0.858497660985234 0.630965299342407 0
"336" 0.642510093538215 0.485071983787716 0.0579239462041147 0.028551125897101 0.869517684781858 0.706554229191375 0.762380917409396 0.536113390604153 0.901076447525341 0.790341227132191 0
"337" 0.643590813790096 0.792636324477468 0.190091052811157 0.211861181384579 0.75326147351417 0.767499543479853 0.694750979002847 0.977005404381776 0.855329889428735 0.949732061781954 0
"338" 0.644079664058826 0.416557551615962 0.172408251387026 0.102741242685178 0.839110030659417 0.8486964099995 0.810474268125602 0.478937836046625 0.520095920561455 0.655558366767487 0
"339" 0.646689951242626 0.591422295716616 0.082806871370003 0.0176350057188317 0.007326585442897 0.0159426246074706 0.0144532980502143 0.403380285985313 0.286064504153614 0.346886902175245 0
"340" 0.654035372044163 0.553439973812226 0.457752168372969 0.447093816599134 0.720875945138434 0.720423218616541 0.710950777343022 0.0324115894920161 0.0142352409380609 0.0198807062884821 0
"341" 0.655766941811097 0.600693079889913 0.52691911081945 0.490755026834268 0.320059420902041 0.47738056170766 0.268983441457051 0.974023990600067 0.918975174652854 0.988849874490739 1
"342" 0.65729882005674 0.823838085738538 0.829916162082045 0.664864323924703 0.464488274108851 0.19302069710812 0.310150391308311 0.248728975907356 0.504479143403284 0.453862628292648 1
"343" 0.664112092502829 0.533751637720276 0.234399795620618 0.310856843825124 0.130810184157205 0.113703233938245 0.436691130808779 0.527511273557448 0.581354897866374 0.420923189857248 0
"344" 0.664387373091598 0.872363627038878 0.606720276370251 0.525958376177075 0.78654256184795 0.734743921814146 0.746120907180821 0.00539711850044682 0.00834940603264679 0.00415227374347139 0
"345" 0.667018827009734 0.75746469425029 0.946266672056934 0.950845026722487 0.417037727427526 0.56005767463454 0.575069151688915 0.676173808306997 0.672148976042826 0.783702993349743 1
"346" 0.66835892703279 0.82580740723634 0.559030238770705 0.659078490830784 0.687922717571549 0.769057498461083 0.721067867293132 0.072649970725785 0.225172020511061 0.128166989453592 0
"347" 0.669273384784023 0.445059256279244 0.622210793510542 0.450491948083911 0.122619380456909 0.128302011921257 0.263625221748045 0.961461675410633 0.978429950533312 0.933684640857211 0
"348" 0.674864271962507 0.554895442859269 0.397377285137781 0.202705741798782 0.864361930059337 0.853776706718872 0.799618228244969 0.196270405095241 0.486614763965146 0.462781118024019 0
"349" 0.679057925392014 0.666870123399672 0.00256150840713979 0.00145001503750828 0.936241241954332 0.976373888927445 0.930167861358861 0.239247554208789 0.562832100539377 0.485053191338668 0
"350" 0.680320080258412 0.397588384479568 0.883955712196581 0.650833574908765 0.666805606113677 0.72495403790862 0.822898422578741 0.0852798237915697 0.105439062110979 0.0618188888016278 0
"351" 0.681300002597562 0.86129940823712 0.793310310825822 0.787462960258518 0.116270898258314 0.163803842344729 0.163211565189159 0.985110714962188 0.987437288333527 0.96533886544775 0
"352" 0.682563780463756 0.772401892523289 0.360477131304407 0.311722021671364 0.0458011384809382 0.162574486244758 0.0626324901701376 0.731779306425392 0.541263458889334 0.793877184329435 0
"353" 0.68290438230112 0.676983347180109 0.8167954179327 0.697743003518976 0.0650580030768643 0.0487893078731382 0.0518134985769111 0.552466006263084 0.7706880640602 0.547811522809939 0
"354" 0.69003977353659 0.600290872814233 0.480329972960755 0.533510340584996 0.263967581406367 0.15656580592258 0.473833587008111 0.846451007033836 0.866367995961644 0.934687127021021 1
"355" 0.692890747811064 0.756933072783326 0.682985827770455 0.745287793878064 0.948320075172399 0.94126097285692 0.946782951020287 0.320174434661861 0.583646491871229 0.603331272565961 1
"356" 0.694431551705373 0.711496463910354 0.860781128360748 0.768887416634408 0.667733095304308 0.407270824668547 0.480594732392707 0.969151531956201 0.986323419777549 0.971557788736788 1
"357" 0.702113712785754 0.443043302976255 0.176440605851095 0.282452365749378 0.35545724949029 0.413267208205082 0.500664559838444 0.135400423780023 0.146399305927833 0.240444772421585 0
"358" 0.702652987029943 0.869447637444433 0.069748073295585 0.0435178231521087 0.863956548178165 0.830025062321306 0.848655104497776 0.0795581949311268 0.117962419076939 0.0478429258937342 0
"359" 0.704496124863495 0.801687671740022 0.789810995849373 0.807635961878984 0.0725161742819987 0.0304756858322312 0.0782109116066938 0.226197867566361 0.168205560610559 0.171861390735555 0
"360" 0.704799201308995 0.528312137384638 0.0481331163272148 0.0327992860842046 0.664454074138109 0.818022800051192 0.784524646133231 0.053520872178143 0.034373163895021 0.0975700205220849 0
"361" 0.70497539024884 0.739587462721539 0.121846235175676 0.0626789659116314 0.210869989106115 0.065124288215282 0.13876997085238 0.491101878831227 0.305785299840997 0.380182030720337 1
"362" 0.705534062599943 0.797764749123819 0.635417217537465 0.760268690384897 0.597074942377033 0.469973966011755 0.607016596107467 0.755202416843596 0.730966828038933 0.572445055428017 0
"363" 0.707021041638099 0.629498500628561 0.0756271451576056 0.0923725961730994 0.217072468834617 0.0409890758514751 0.178558554205403 0.157444975427318 0.27925935418675 0.351497215727394 0
"364" 0.707343334889957 0.648752848142228 0.0178588824591593 0.0653174986627336 0.691260364137969 0.596485344646961 0.819242225379631 0.615017571724076 0.0975754619061838 0.205211428543109 0
"365" 0.709314765467252 0.747712998553147 0.0435715748453547 0.0056368721175923 0.701370207836073 0.689473221561102 0.633966167510519 0.273473079571255 0.338059169884297 0.300520778968149 0
"366" 0.71050333183613 0.741685254590226 0.130434629394792 0.214482822681939 0.0265993751528689 0.0349184795189778 0.0423880083996953 0.246701343967766 0.247533103484759 0.350612021990289 0
"367" 0.711838146579927 0.745851255563367 0.460918961621396 0.609634531980894 0.576281326497502 0.118715864526031 0.427987391632032 0.188119858456883 0.25135034899203 0.158578869216644 0
"368" 0.712513998628239 0.635725491947224 0.149736933414407 0.170180027604938 0.429214121942104 0.476276108769671 0.481062290010643 0.535449349334937 0.631742331029074 0.661594214919201 0
"369" 0.712813229066301 0.657563916612814 0.454352726410032 0.205766822855447 0.740175320569914 0.470855866675421 0.467946241174581 0.796341452290833 0.767245745316639 0.870583051912557 0
"370" 0.714405153052495 0.57196950762786 0.57612928572694 0.558283260231531 0.879055893940796 0.806346434326183 0.956230426794664 0.254598927182802 0.357353395914841 0.320729267316417 0
"371" 0.715425577897577 0.630097532921958 0.041540386699481 0.0296583570845319 0.487886028615708 0.316664929106876 0.201819650652361 0.0447076230121837 0.172231309894145 0.0463885047295343 0
"372" 0.718649261914603 0.889687444653431 0.938397206499997 0.858350976619288 0.944134659734561 0.93997619611046 0.923754949677163 0.104975169717839 0.106055789207593 0.142154926490392 0
"373" 0.718801595825949 0.696124663071772 0.284003646794583 0.294749368859021 0.35195095158525 0.324500830369016 0.271008531916187 0.913193884953828 0.882290922909217 0.821000600598747 0
"374" 0.724611470884097 0.844511788202256 0.542738312211203 0.448788523134536 0.336862580113758 0.1906138645719 0.145819916293884 0.154863496093603 0.275283915605338 0.246171645158198 0
"375" 0.72520177408302 0.638839029254553 0.711066182832766 0.749353583700081 0.883737808794228 0.903362570573237 0.916970978550822 0.486661974228506 0.313899778320687 0.302710138921965 0
"376" 0.72712025662771 0.53322161630297 0.0857280094823419 0.215052643155046 0.892771244666053 0.822588057208603 0.706951391376083 0.87191000717298 0.777297800840324 0.888350250224528 0
"377" 0.730039074258211 0.817961251838643 0.873086692067738 0.903696458188581 0.467972011449978 0.458902753100007 0.47370791369795 0.344223110036366 0.665652358218748 0.50212155416469 0
"378" 0.731104799151244 0.857676035274518 0.700385172900916 0.506188367129772 0.356491482969071 0.419044209348625 0.252007409633782 0.114402037586539 0.190986805651606 0.160713902645412 0
"379" 0.737614738200146 0.659609420452787 0.274722433288509 0.0889163272722543 0.573998756635387 0.533781284212479 0.731719826356036 0.960591185204967 0.981823110664276 0.790698625086483 0
"380" 0.743840695647441 0.75800557129138 0.556647534179575 0.617232327841725 0.307463296473453 0.666065482954834 0.345154117260037 0.061239753717154 0.0478062192863488 0.17315210078834 0
"381" 0.74777634097662 0.813955695143686 0.791842770741338 0.674352599787613 0.446282505465838 0.394659510970161 0.280708416837826 0.951872970449769 0.929380227459715 0.978998478382714 1
"382" 0.754698088664445 0.719100146856103 0.151620286111055 0.125708288145719 0.717591731239282 0.720772569239979 0.712178615583381 0.647989632185662 0.485319674955505 0.400577639341865 0
"383" 0.755279917373349 0.828119240844649 0.6372528524184 0.546349024849281 0.709778406642184 0.648540617446412 0.430591834001697 0.766935321987566 0.825591646765388 0.742430264755974 0
"384" 0.761878932188155 0.512442870883185 0.485745265274474 0.282776485041579 0.755340483420785 0.622276700339219 0.659881765196432 0.47279372894751 0.800291575884441 0.457581788471619 0
"385" 0.762742364894899 0.841100758267352 0.971594494333156 0.985185574107016 0.422914433686583 0.755857297827296 0.381992966307574 0.730580434750193 0.723827155551518 0.724958933616151 1
"386" 0.763643739750861 0.797677096958511 0.901588889542732 0.935009479512729 0.108494713467899 0.507278730903154 0.412245313852538 0.480956547928821 0.509290789774807 0.568117149822064 1
"387" 0.769267288535965 0.626552814444225 0.052108835339304 0.0951043081600369 0.0531911207128307 0.0980657927035913 0.0518693717569617 0.180784108861461 0.16434416271901 0.171767578442531 0
"388" 0.774008007040922 0.539623779536697 0.657284254465856 0.756486549953213 0.77168428124861 0.919223643769734 0.813770267149643 0.140536461983945 0.260760028775718 0.337051320261253 0
"389" 0.775222441797288 0.551211461133359 0.45383597190601 0.537272225004706 0.88017466971801 0.88791514220144 0.89761974468 0.845926203731757 0.717332244048108 0.790061444350737 0
"390" 0.778848702343502 0.82489555217099 0.118301559348607 0.219989809633646 0.669077707172113 0.765287428835804 0.650671946138231 0.633541628920515 0.494450073473046 0.541312209535286 0
"391" 0.78041366873117 0.788719573402685 0.962518874232945 0.948073875260777 0.422321057985336 0.332346782568239 0.388535001612902 0.727246370748692 0.514033250645496 0.623275335859312 1
"392" 0.782467594639955 0.68685102640352 0.847726219099869 0.826289925949776 0.403972858980755 0.252909983074027 0.409873345184296 0.991226026289275 0.976938760723673 0.990814177438686 0
"393" 0.783477686130368 0.831629308658983 0.689931751119347 0.759869766643753 0.703983883336052 0.677815075444574 0.648165780078011 0.165098030143901 0.165927486976786 0.230073745672742 1
"394" 0.784560964862051 0.796468554852397 0.80941548485048 0.888186792378106 0.475888636091979 0.454114391662619 0.305323245879157 0.538067270594152 0.613865627133423 0.416696132895966 1
"395" 0.785550850334496 0.776809051736302 0.84380583792168 0.522676274268826 0.366205121221418 0.488283203160672 0.464046066606122 0.513055422967201 0.397780041476784 0.653681475268759 1
"396" 0.79545558796979 0.473528273960764 0.404531031943052 0.441309141341354 0.785873668696522 0.904255647286062 0.84101809752626 0.980219424993436 0.975366173939285 0.97390948875985 0
"397" 0.79595622616471 0.668998342916412 0.386627239157354 0.443935979311302 0.731631092880436 0.548272673645703 0.732876529490744 0.809919151316759 0.774162641447343 0.823926899838054 1
"398" 0.801407531809796 0.701617020997573 0.433323814035955 0.557977562693172 0.0480250891136436 0.011505164989781 0.0199362374867995 0.393437566829143 0.460417004835989 0.446312487362325 0
"399" 0.80377282274184 0.814600755685126 0.944389377582492 0.989857939534628 0.572794628159035 0.404640263833249 0.541440696534363 0.227465223941523 0.214867373890335 0.102322860955513 0
"400" 0.804069345206444 0.88910467228752 0.876510455995888 0.834188686727826 0.0368309236988517 0.0645237017480842 0.0123481280725069 0.241274327482775 0.291726807928663 0.417193995826395 0
"401" 0.804925706588378 0.750314916177646 0.0435643235082483 0.0530932094251513 0.623261928416172 0.431376361651768 0.351666325474837 0.925676327564195 0.928070347632484 0.532571379004158 0
"402" 0.805724770093687 0.804789882405825 0.201454929406064 0.120432792826604 0.465415162170322 0.775695801989042 0.527746487869122 0.746943589509651 0.784520654399508 0.658685421468874 0
"403" 0.807124790257411 0.861555411552268 0.697226866877759 0.871041261085914 0.93948990130935 0.89171660829351 0.925954073162501 0.0313073713681735 0.0155697606566473 0.0956079310662008 0
"404" 0.808300956806082 0.712048679061616 0.445770428327679 0.480306707432705 0.298590809471613 0.304711136841091 0.133135048564471 0.0805593301672567 0.210646363633589 0.105308235686787 0
"405" 0.809586676880147 0.797142212461572 0.120612275241321 0.130847562160795 0.813609562384868 0.87235603522768 0.882458120191313 0.493459366370826 0.241832994768049 0.328039327215552 0
"406" 0.810701666964847 0.57410582481643 0.755542868361859 0.657168060491171 0.163587229476452 0.178999040536076 0.223274412079703 0.71570871939024 0.662666398499357 0.556926259272647 0
"407" 0.812159389374144 0.840945683825556 0.721668894973231 0.602095586114392 0.675488157758303 0.703278426396979 0.694764708782728 0.938999174572451 0.831665359178818 0.916021558000889 1
"408" 0.814429011446971 0.844686826453371 0.426156713525196 0.190470501398625 0.143403485231908 0.0812916354028218 0.02671798601335 0.288911869557439 0.547937386118471 0.522837365417857 0
"409" 0.818814038050337 0.864626264151353 0.626317340312324 0.734791949607085 0.897053337323437 0.844984303512258 0.674212351078989 0.66011381740538 0.525312333356562 0.36427928903434 1
"410" 0.818917229388889 0.904988942859526 0.696328838061256 0.678339838515275 0.533705128566812 0.417701970690223 0.314011992495121 0.227993317376303 0.214756745236584 0.119130662597366 0
"411" 0.820106432430724 0.790876607868039 0.204152861947425 0.283682096551456 0.0168825357248655 0.112417103172325 0.114311771174412 0.344346026427964 0.347568433434475 0.333185775859202 0
"412" 0.820531659398309 0.883728224893047 0.309663274833366 0.695385044592402 0.553349554408162 0.354774380574493 0.484270977630972 0.967296845414957 0.970211059698337 0.966154689396487 0
"413" 0.821521219442683 0.860128166162186 0.750888336398975 0.860745813043952 0.901572363496005 0.892517087652439 0.89929501607054 0.387125129640055 0.492545793426515 0.283969336371165 1
"414" 0.826524059894212 0.871463300617099 0.954043518567235 0.863840421919128 0.742688463769646 0.767607958780576 0.64334012705904 0.0776298506775707 0.0838468178899521 0.0966009810412725 0
"415" 0.826853209879147 0.859703861233033 0.433189499385862 0.228905591323779 0.842064954490889 0.894442303802601 0.824573765666711 0.641181390293492 0.793921670123521 0.805514653540089 0
"416" 0.828394840852652 0.968609352701957 0.831640152160189 0.933339506438997 0.637579214320688 0.753673171290292 0.709898762214333 0.111705713945716 0.159552208602518 0.0601215001304381 0
"417" 0.832476170349118 0.791576555325975 0.542210808231099 0.784663015466767 0.850189335925485 0.831622051547053 0.809218996817035 0.766202618031975 0.561134247063904 0.569747274777011 1
"418" 0.834470722308723 0.928962517810305 0.442569797468189 0.556672649370286 0.643952213932529 0.831829302998341 0.859029275724854 0.480358867352176 0.337245032305273 0.230555272505143 1
"419" 0.835543590126455 0.895169640749021 0.0526578537720452 0.0124563582191713 0.542356114961629 0.611245926583974 0.682061930400538 0.0511200158594379 0.0234810943960654 0.160623487336323 0
"420" 0.840053244752067 0.608620413910156 0.348845251491179 0.188790604144979 0.382849835642151 0.272118269842956 0.225004204907745 0.946899489756846 0.993821719753683 0.982630717167994 0
"421" 0.841493673968679 0.861098254482979 0.979063670191926 0.984295014753615 0.820477853685809 0.852742759024354 0.954777885488558 0.13662453654857 0.158579913559649 0.264598469131486 0
"422" 0.84208497455454 0.823163832232138 0.340656931903846 0.307157085541784 0.193086699132358 0.1366892781896 0.0785967463682754 0.554356652920379 0.691979270049944 0.743348992877748 0
"423" 0.845239103857042 0.867291954797542 0.576300336923145 0.42552639929234 0.613011312291173 0.906794530405079 0.894006810542412 0.964077630814985 0.989396293313196 0.978298141465529 1
"424" 0.845766654756576 0.898068050776606 0.263537945981008 0.503374797133796 0.630916583545482 0.493570865703599 0.618901238777858 0.860753784685079 0.933842780746919 0.970131900066607 0
"425" 0.846633303928435 0.923415827027172 0.454643587183233 0.773301813277707 0.171001205473114 0.224597823817192 0.147063295226872 0.442912043495069 0.622328155602832 0.518653411067164 0
"426" 0.850017033897111 0.756038199205818 0.348162276281716 0.475589674898722 0.314779419607515 0.163162457109731 0.218283862515091 0.368144152847033 0.224665337574919 0.36683003701217 0
"427" 0.852252346763835 0.829754140328198 0.384646915660534 0.227012166327699 0.881895699221961 0.908811040860566 0.859823693480102 0.958645413842297 0.835950456142213 0.839435228244313 0
"428" 0.855256725325839 0.904546168363543 0.978256835395342 0.947182046379166 0.757329542386826 0.725376981846529 0.744288590363627 0.982864083952504 0.927604020065744 0.911144822086098 1
"429" 0.863675121456846 0.831211711033038 0.053527527024201 0.145531870294241 0.985365358047394 0.8368233156259 0.944464258122587 0.484930575565515 0.454372311254969 0.633332901954205 0
"430" 0.863893152098276 0.980565719426517 0.302239475364813 0.449457523517052 0.245570380429485 0.403173794081308 0.405711620471257 0.892960514457774 0.88811352206923 0.901199965462764 1
"431" 0.86557753729464 0.613061707026005 0.798101731358544 0.796639337195714 0.703166853816852 0.517184210371569 0.731447326947362 0.160350280450732 0.21572940963774 0.12555298037056 0
"432" 0.868313656716335 0.812047480764459 0.313928372552411 0.156510468332627 0.595222006017244 0.655858924370463 0.599639084018998 0.991203585498404 0.956969123835631 0.899987985419992 0
"433" 0.871896434800523 0.88484254937167 0.792891565131588 0.758093320524028 0.560272235389307 0.474213902729695 0.408810768598672 0.596953752636083 0.777932483410593 0.921820395029832 1
"434" 0.872854728192237 0.795397874211949 0.951989046078167 0.825798869197248 0.414121471009292 0.578627238095721 0.590345842206328 0.102300211366569 0.132960375251781 0.0672894870074249 0
"435" 0.875852666353537 0.917325389521429 0.0716558558710964 0.084109657833288 0.230237882127342 0.130310511027991 0.28744270970916 0.705495501338316 0.548623571829387 0.557565915356904 0
"436" 0.880306797335763 0.885848307029646 0.962350517250884 0.952030566444177 0.965452766818129 0.954721859471928 0.922417714407786 0.898938874670599 0.894384911792788 0.876335397412344 1
"437" 0.882410328984126 0.849119439652658 0.137540523919398 0.101492789832885 0.0165664099670921 0.0688840710813032 0.0296892588831171 0.418602637735119 0.402744294905079 0.499762847797753 0
"438" 0.883227569984695 0.922876209363566 0.794387677273098 0.735301865297223 0.611915719019158 0.6068109590713 0.467429970309192 0.602435855285761 0.348006926756778 0.443645453972222 1
"439" 0.884562290560088 0.75917540335648 0.862687862435175 0.867104498415254 0.390996140293171 0.613522501713558 0.284263965118746 0.424433035801256 0.604610496636096 0.527278437186332 1
"440" 0.892800768491022 0.861584257403211 0.485988736032028 0.593129366717765 0.302818469781258 0.11892386642747 0.18190749132147 0.959181035595264 0.937392476682892 0.940737089154943 0
"441" 0.897430604149384 0.91678754221872 0.725389029457348 0.572536696502252 0.276781193179616 0.435100509313869 0.262918430233252 0.163623799830241 0.226703245629719 0.126049971789918 0
"442" 0.898803614380573 0.926209014782344 0.643767208890366 0.557215772618605 0.0392942774040815 0.105224809732234 0.042867467493389 0.278517407023524 0.302641871541098 0.100903082195279 0
"443" 0.899361970727222 0.8636635070538 0.246740849007164 0.11150688340779 0.577062026714631 0.7928495402451 0.742794585601379 0.568615468631631 0.824815741178945 0.592017011149628 0
"444" 0.900144273021389 0.897368857113706 0.773929084722875 0.6753170319691 0.632498899735451 0.401374060849142 0.71004772688535 0.086130255723929 0.0585110938500165 0.166134564296603 0
"445" 0.900381165126721 0.924224216963266 0.949784774774332 0.983885193650713 0.377166818810218 0.145622188093929 0.376935630509545 0.507882650722178 0.48182826024022 0.535240926428549 1
"446" 0.900567015224837 0.826630598453456 0.782892685565519 0.376814548445052 0.54291536800828 0.495157337482644 0.567830042547145 0.294033892228678 0.575939769759414 0.439442203687837 1
"447" 0.903510029614426 0.761280891571703 0.314803858576605 0.468495025315657 0.422044657821963 0.185561317247351 0.430134346111617 0.30012666374207 0.259535269561566 0.193506830059057 0
"448" 0.904292237016387 0.781904962328825 0.582335524550245 0.354710929119521 0.818575900707752 0.873247396188537 0.788199077918627 0.852544659685237 0.710473543896452 0.730505824933593 1
"449" 0.907048107458478 0.968774656144764 0.906838184383722 0.953358371741376 0.627248835714939 0.494704152122919 0.586672493309296 0.21925122487832 0.265190619305577 0.28122930962567 0
"450" 0.907415312367283 0.946405887874133 0.0160071697025075 0.0231838766707368 0.307164968564713 0.320049055559941 0.360024838444465 0.333288318661843 0.239857345577197 0.167512856427531 0
"451" 0.908837472575296 0.885738680781095 0.830190248092911 0.666717760490931 0.145594326039444 0.252286369756618 0.139912161277609 0.81051502594315 0.784006908739838 0.799376434794937 0
"452" 0.909694102542265 0.930403102031296 0.106232268371719 0.0190659122242081 0.983539841640521 0.876225820443643 0.974742525459873 0.878954776227265 0.815091317430052 0.928779710399549 0
"453" 0.910330496418088 0.90393064700266 0.482870561325959 0.466149122055965 0.00619806953790602 0.00860787732555695 0.0162771703210092 0.3538967817467 0.203835830959976 0.278970017173507 0
"454" 0.910425440654504 0.743097068239824 0.154441125231996 0.130940055734669 0.226650624135166 0.159130412520862 0.214319542096523 0.077068307903898 0.0495112664247124 0.0591856010145628 0
"455" 0.910844260647723 0.826585598027635 0.12408562560141 0.112134958698714 0.259501137819071 0.35242637956829 0.737623568528961 0.326303194700417 0.458084113898381 0.557942849186531 0
"456" 0.913430100057905 0.810110474547074 0.529438303534296 0.40780880747959 0.53027538085895 0.282679245568187 0.65823071363753 0.113605437195248 0.0373909070813022 0.334655642582853 0
"457" 0.916026523426467 0.945076339008749 0.924506868703247 0.934628306009481 0.623246966127068 0.612853421192658 0.502686988108 0.407557232632448 0.456769490200207 0.648681567916061 0
"458" 0.916607400478113 0.849296074962601 0.188287964274072 0.0893843435998889 0.323962457916566 0.0503597611677788 0.114143260420657 0.479987743355809 0.532074488418262 0.748028990929988 0
"459" 0.918034903976493 0.910505822773493 0.893224821953031 0.924511065577387 0.322868773119405 0.470999793749621 0.483629798726599 0.400588791694064 0.355952887879526 0.459309412708777 1
"460" 0.919733630533918 0.934223088242405 0.198608126977653 0.209948702213251 0.136904072298744 0.0249149929954039 0.0743108246413311 0.560604346639248 0.372947675675528 0.351537430695936 0
"461" 0.921657854253764 0.830728503235711 0.0663255156748561 0.194315924684338 0.419176440305342 0.470396191994804 0.405412340857262 0.0175149543805713 0.0420983283244832 0.0871843660453 0
"462" 0.925264292344913 0.985114118751969 0.806576456993839 0.676585745279741 0.441526482739378 0.720357557072646 0.827893712515147 0.421935531541392 0.535171423416843 0.339068910695536 1
"463" 0.926073684395174 0.868014879521183 0.33567892461599 0.389872766050708 0.32638558432829 0.391824274984002 0.409750832599981 0.33373925024505 0.470646367798128 0.381791699535912 0
"464" 0.926195144508688 0.895783375971331 0.893989216999081 0.966759623341546 0.732598126818494 0.774314006852197 0.741445275109001 0.0300989891007272 0.106468822022271 0.0646043039629772 0
"465" 0.93149449562761 0.782994957938858 0.369679837131297 0.172708421707765 0.413362242250586 0.276908341081902 0.350244892905798 0.376140119725867 0.218285402196422 0.20155480983525 0
"466" 0.935044985138462 0.859405950683778 0.435042481894867 0.489534713798604 0.824939953712581 0.690244018533803 0.567676672326462 0.498261375143734 0.367239333383665 0.376758744495157 0
"467" 0.935484470329042 0.943888491288634 0.440724536288502 0.600700440812297 0.182187159207605 0.294252232287713 0.0400680594281509 0.0722237289804852 0.0848114133147594 0.0748672129536181 0
"468" 0.936780714554417 0.943001191017905 0.743901469487981 0.761199435148791 0.291765327962113 0.372570058646805 0.417996936394361 0.218598705042552 0.368266409509978 0.436411630719233 0
"469" 0.938090922343263 0.811842228263638 0.848262170161916 0.690881974388535 0.885628408208735 0.847856023161045 0.934233491260034 0.701329113690957 0.794565446913282 0.901742425623366 1
"470" 0.938655170715626 0.683165391974525 0.430882859698756 0.388276534502408 0.465217871350151 0.550487921955856 0.699893017527596 0.665471483099898 0.716205030217197 0.619656406696618 0
"471" 0.939027167892967 0.741552995866685 0.21768493874934 0.194103118913639 0.010816129323909 0.053097247120104 0.0240696723411642 0.331179625993668 0.368277877512346 0.454797686815566 0
"472" 0.93936951258904 0.991889122704648 0.563741033788416 0.631073789145659 0.527177195226037 0.771663326321536 0.78661021274941 0.254773033284376 0.269272516043389 0.178370250713371 1
"473" 0.941520915752696 0.923078702834976 0.773250858034486 0.671103927490441 0.73479251209694 0.541794118838921 0.303251212436838 0.418132447570936 0.440456287200045 0.493085375384032 0
"474" 0.943789227873576 0.816670553063588 0.750538922540022 0.663991163403226 0.00567726862550544 0.0114791422496876 0.017057151655451 0.483710668717876 0.674173486087549 0.497121537563042 0
"475" 0.944383058089727 0.971887413202602 0.162619387564924 0.168289289185085 0.111288727910889 0.218874352370616 0.118669444084775 0.681224090696855 0.813771456614477 0.586869629533394 0
"476" 0.946876322782426 0.935633979507048 0.797792057093101 0.755532900116086 0.979503231884467 0.997982019707241 0.978462032959863 0.263640246836349 0.211813074055999 0.218442181619929 1
"477" 0.949088188266786 0.879521206795276 0.244902161338869 0.308858608457049 0.804456083228872 0.814337676225864 0.47831931566573 0.345200495293842 0.288912932568034 0.235154546512442 1
"478" 0.952641371917486 0.916455978361402 0.823384796473637 0.939253438326692 0.473407097850171 0.421272208303282 0.339222983255125 0.0377380319494059 0.143619234895049 0.152782921130844 0
"479" 0.954228132141264 0.906566800982833 0.39223889992769 0.256711126611726 0.866955452445618 0.930737115864796 0.935061057164009 0.809561703320383 0.898586091576519 0.952888617006656 0
"480" 0.954699683470328 0.915109872494517 0.627741221761 0.631638228032404 0.141968114897798 0.371430096036068 0.0780829739112872 0.495252837840527 0.494418194542883 0.46067883964727 1
"481" 0.955809615565117 0.97228737565618 0.0105913197395582 0.0176917862428677 0.592788376139375 0.779743482433698 0.547998603030439 0.969915613662244 0.959691497014399 0.923423593875363 0
"482" 0.958976620342105 0.950277530096287 0.948094589451428 0.943808368254715 0.564756238140416 0.675526624931551 0.492038520851321 0.669657852892071 0.582429971872475 0.440231542100549 1
"483" 0.961353368677105 0.989157519695645 0.440767615282717 0.340072129314986 0.392414648276558 0.221692531162404 0.22183034051154 0.412386790401194 0.437634837697012 0.458509108581071 0
"484" 0.96790732907086 0.958118819658252 0.00992343329532007 0.00440844808831292 0.000642072349202747 0.000795333958344839 0.00307191557669147 0.84710624260751 0.902800710556388 0.900601150824779 0
"485" 0.970717706794571 0.971402676737726 0.281520884477514 0.0753063481460843 0.361502765252268 0.281675851453472 0.239396690890035 0.996914390423353 0.997107668588871 0.998372181682033 0
"486" 0.970817684811242 0.998040364842226 0.179292819900789 0.341856738050218 0.447311481342496 0.291251621355824 0.30648200461635 0.491268528793358 0.400569669577594 0.364832344327889 0
"487" 0.972932097311321 0.964246144624902 0.861146796652962 0.891805308901598 0.973004934870473 0.98716428190606 0.972597009668621 0.20652061548049 0.182883910536729 0.161670951843266 0
"488" 0.973097758729841 0.926050502731699 0.613266544004045 0.62165603226737 0.634391124088551 0.621021833982807 0.285276891053856 0.314100835008569 0.41520829591999 0.31135474847879 0
"489" 0.973977338081286 0.918489512784224 0.855582030685673 0.89264553092248 0.456648329207138 0.643391852461333 0.595819942210899 0.502080522787211 0.455940312371351 0.414128969360253 1
"490" 0.97810826371726 0.965743223089938 0.592687617458782 0.711437146264531 0.378866241943573 0.492843044241871 0.391598951185648 0.0153706767102489 0.0330678035643484 0.0279656457737877 0
"491" 0.978261925487587 0.964501591018349 0.00894222177075233 0.0251868969930876 0.267489336982298 0.467640921134296 0.358284867481395 0.551655833608763 0.365012828309094 0.648095897088294 0
"492" 0.980456630409251 0.90510118344092 0.994501517280717 0.971416125294105 0.756819166991723 0.779286055212272 0.879429768084552 0.116436448381872 0.400274870501773 0.384900481523499 1
"493" 0.982105091056424 0.943784850500984 0.721005451326499 0.612755520777218 0.903240500032322 0.739593194408885 0.832483880356096 0.102445021013952 0.0267229389186224 0.0464376803599756 0
"494" 0.982194051061226 0.960866836947167 0.82943326862988 0.788028957621295 0.933454045433395 0.887366738697695 0.84775887257578 0.725642004811778 0.682913785287512 0.791211489992019 1
"495" 0.98500088129488 0.997238742247294 0.501366325636064 0.75968280144576 0.422402200131994 0.776923489875301 0.570913807411995 0.958316363862764 0.972627254194269 0.980941364396175 1
"496" 0.988587009454381 0.991005865888126 0.371466909844781 0.112521587380179 0.680999916560642 0.548610397346192 0.755736922406234 0.678248809908667 0.542650415414062 0.358350613070799 0
"497" 0.988782441855221 0.973960676479422 0.649344848382148 0.431897745175674 0.826517766460467 0.920966727177292 0.868797091744397 0.172290137010775 0.375561429793634 0.3784802036945 1
"498" 0.996671150849062 0.97488572670683 0.756837549836025 0.917358038160897 0.15421892729888 0.281143815662066 0.386669326877462 0.470541637513236 0.433317818412768 0.807882653387877 0
"499" 0.997288330731635 0.99109307318981 0.813619238202386 0.896121458579883 0.887767006993925 0.969367577011144 0.953256003896769 0.131135319739341 0.0611300267515981 0.141621445574302 0
"500" 0.997658893377713 0.998475236827251 0.350977668613369 0.535649879400446 0.907293303643776 0.991764209708938 0.949611592659964 0.609458339745797 0.795929760986267 0.725774376404278 1
