5.081967213114754189e-01
5.081967213114754189e-01
5.081967213114754189e-01
5.081967213114754189e-01
5.081967213114754189e-01
5.081967213114754189e-01
5.081967213114754189e-01
5.081967213114754189e-01
5.081967213114754189e-01
5.081967213114754189e-01
5.081967213114754189e-01
5.081967213114754189e-01
5.081967213114754189e-01
5.081967213114754189e-01
5.081967213114754189e-01
5.081967213114754189e-01
5.081967213114754189e-01
5.081967213114754189e-01
5.081967213114754189e-01
5.081967213114754189e-01
5.081967213114754189e-01
5.081967213114754189e-01
5.081967213114754189e-01
5.081967213114754189e-01
5.081967213114754189e-01
5.081967213114754189e-01
5.081967213114754189e-01
5.081967213114754189e-01
5.081967213114754189e-01
5.081967213114754189e-01
5.081967213114754189e-01
5.081967213114754189e-01
5.081967213114754189e-01
5.081967213114754189e-01
5.081967213114754189e-01
5.081967213114754189e-01
5.081967213114754189e-01
5.081967213114754189e-01
5.081967213114754189e-01
5.081967213114754189e-01
5.081967213114754189e-01
5.081967213114754189e-01
5.081967213114754189e-01
5.081967213114754189e-01
5.081967213114754189e-01
5.081967213114754189e-01
5.081967213114754189e-01
5.081967213114754189e-01
5.081967213114754189e-01
5.081967213114754189e-01
5.081967213114754189e-01
5.081967213114754189e-01
5.081967213114754189e-01
5.081967213114754189e-01
5.081967213114754189e-01
5.081967213114754189e-01
5.081967213114754189e-01
5.081967213114754189e-01
5.081967213114754189e-01
5.081967213114754189e-01
5.081967213114754189e-01
