1.395906440051515096e+00
2.091995206623116843e+01
4.289020086957803812e+01
7.679349147242761298e+00
5.446623091693377501e+04
1.354982184186055065e+03
2.640733990316839197e+01
3.253114949458258565e+01
3.009815740716151211e+01
2.978511669769677894e+01
4.734382252441242258e+02
4.950966834733378619e+02
2.493924146596363869e+02
3.928722017694221336e+01
3.706053221218492581e+03
4.177723123080626465e+03
4.107686646920033127e+03
1.507892934885005087e-01
1.156044573714358194e+04
3.135550747220436733e+03
1.554619866062232722e+04
7.596120628782917265e+03
2.806809310160421956e+04
9.695242360989079316e+03
1.402433653821532425e+04
2.026994649870396825e+04
1.158508964739932526e+04
5.938120670575462282e+04
2.882106048484955681e+04
1.319044556866557832e+04
2.427127160847069172e+04
2.443599109728695112e+04
7.330470753731304285e+03
4.799882108249407793e+03
1.060408288207890473e+04
6.948193321471437230e+04
1.098751973728065877e+03
2.253190071204002834e+03
2.840466143446525621e+03
2.773749101310659626e+03
1.622442870490012410e+03
1.066226360147810510e+03
1.338335099099330137e+03
7.895137632232805345e+02
3.708980242831856913e+02
6.375706652919717499e+02
8.210512728252975876e+02
8.051594132093748158e+03
1.102999968879723610e+03
7.264112730229326189e+03
