5.140211529957026126e-01
5.140211529957026126e-01
5.140211529957026126e-01
5.140211529957026126e-01
5.140211529957026126e-01
5.140211529957026126e-01
5.140211529957026126e-01
5.140211529957026126e-01
5.140211529957026126e-01
5.140211529957026126e-01
5.140211529957026126e-01
5.140211529957026126e-01
5.140211529957026126e-01
5.140211529957026126e-01
5.140211529957026126e-01
5.140211529957026126e-01
5.140211529957026126e-01
5.140211529957026126e-01
5.140211529957026126e-01
5.140211529957026126e-01
5.140211529957026126e-01
5.140211529957026126e-01
5.140211529957026126e-01
5.140211529957026126e-01
5.140211529957026126e-01
5.140211529957026126e-01
5.140211529957026126e-01
5.140211529957026126e-01
5.140211529957026126e-01
5.140211529957026126e-01
5.140211529957026126e-01
5.140211529957026126e-01
5.140211529957026126e-01
5.140211529957026126e-01
5.140211529957026126e-01
5.140211529957026126e-01
5.140211529957026126e-01
5.140211529957026126e-01
5.140211529957026126e-01
5.140211529957026126e-01
5.140211529957026126e-01
5.140211529957026126e-01
5.140211529957026126e-01
5.140211529957026126e-01
5.140211529957026126e-01
5.140211529957026126e-01
5.140211529957026126e-01
5.140211529957026126e-01
5.140211529957026126e-01
5.140211529957026126e-01
5.140211529957026126e-01
5.140211529957026126e-01
5.140211529957026126e-01
5.140211529957026126e-01
5.140211529957026126e-01
5.140211529957026126e-01
5.140211529957026126e-01
5.140211529957026126e-01
5.140211529957026126e-01
5.140211529957026126e-01
5.140211529957026126e-01
