1.444290398667428699e+00
2.358615109449933556e+01
5.126305726481721337e+01
8.910823945117890332e+00
5.435607330263935728e+04
1.411247380939387085e+03
3.171336343471551089e+01
4.154224004291597794e+01
3.990846845589098280e+01
3.984520398359349258e+01
4.900090214996233726e+02
5.238403405895095375e+02
2.688709632703505577e+02
3.789808490458606371e+01
8.595391432536025604e+03
1.068428116831067564e+04
1.135741022982813774e+04
3.981154605952180736e-01
2.649615204298100434e+04
7.041862842969727353e+03
3.483184946762306208e+04
1.642626858621310384e+04
5.906736327459647873e+04
2.239820147312423796e+04
3.382780545277246711e+04
4.266019928447902930e+04
1.231997948848844317e+04
8.363779793826326204e+04
3.686310000356210367e+04
2.563360312309154688e+04
5.355529731804725452e+04
4.579649846896031522e+04
1.558478424553249170e+04
5.539141457628494209e+03
1.558837033041026916e+04
7.122342984833354421e+04
9.744063251196117790e+02
1.129273366785607550e+03
1.365517405492314765e+03
1.442086903952012108e+03
6.075633158908002542e+02
3.169192518311663207e+02
3.986258610284328938e+02
4.213509969139257123e+02
3.867260068329630940e+02
2.982242992901678917e+02
2.797920075513574716e+02
8.200845873161848431e+03
1.063638804565220198e+03
9.149257396543069262e+03
